CUTE-1 (CO-55)          
1 27844U 03031E   14342.27695815  .00000304  00000-0  15815-3 0   877
2 27844  98.6976 348.5423 0010678 130.0917 358.1293 14.21645463593312
CUBESAT XI-IV (CO-57)   
1 27848U 03031J   14342.02677145  .00000260  00000-0  13906-3 0   274
2 27848  98.7072 348.1019 0010436 136.7892 287.0526 14.21314157593196
CUBESAT XI-V (CO-58)    
1 28895U 05043F   14341.49675093  .00001159  00000-0  23804-3 0  9390
2 28895  97.8222 174.3057 0017424 179.2862 180.8368 14.62293002485576
NTS (CANX-6)            
1 32784U 08021B   14341.94400728  .00002722  00000-0  32554-3 0  1337
2 32784  97.6749  25.1174 0014107 344.5203 137.7496 14.84895132357672
CUTE-1.7+APD II (CO-65) 
1 32785U 08021C   14341.95253853  .00003228  00000-0  37465-3 0  1343
2 32785  97.6763  27.3767 0012900 343.2047 138.8817 14.86014053357825
COMPASS-1               
1 32787U 08021E   14341.88404514  .00006855  00000-0  73010-3 0  1197
2 32787  97.6791  30.3379 0012566 332.9344  27.1217 14.89162281358021
DELFI-C3 (DO-64)        
1 32789U 08021G   14341.98019825  .00014298  00000-0  12716-2 0  1518
2 32789  97.6994  39.9613 0010662 307.9651 174.8171 14.96152724358457
CANX-2                  
1 32790U 08021H   14341.84950484  .00003032  00000-0  35370-3 0  1257
2 32790  97.6719  26.4030 0013618 344.0647  70.5759 14.85850653357771
SEEDS II (CO-66)        
1 32791U 08021J   14341.87373788  .00005506  00000-0  61113-3 0  1024
2 32791  97.6785  28.7045 0013400 337.6577  22.4054 14.87559122357868
SWISSCUBE               
1 35932U 09051B   14342.29198775  .00001616  00000-0  38685-3 0  4799
2 35932  98.3927  95.0530 0007767 199.0924 160.9982 14.54887180276203
BEESAT                  
1 35933U 09051C   14342.31174527  .00001014  00000-0  24542-3 0  7514
2 35933  98.3929  95.9064 0005744 210.5575 149.5288 14.55141694276296
ITUPSAT 1               
1 35935U 09051E   14342.28808008  .00000959  00000-0  23642-3 0  6572
2 35935  98.4031  96.1201 0008250 202.4588 157.6248 14.54413389276173
TISAT 1                 
1 36799U 10035E   14342.20919850  .00006919  00000-0  77827-3 0  7640
2 36799  98.0178  75.6223 0014561 112.6393 304.0194 14.86934602238564
M-CUBED & EXP-1 PRIME   
1 37855U 11061F   14341.75148762  .00013726  00000-0  87264-3 0    02
2 37855 101.7093  96.0217 0207761 271.8011  85.9410 14.92923235168540
MASAT 1 (MO-72)         
1 38081U 12006E   14342.47242190  .00421408  55442-4  18293-2 0  6571
2 38081  69.4367 237.5634 0168857  96.4797 319.8270 15.66272367150106
AAUSAT3                 
1 39087U 13009B   14342.48047500  .00001189  00000-0  43415-3 0  6246
2 39087  98.6119 176.4444 0012861 149.4614 210.7321 14.34823271 93306
STRAND-1                
1 39090U 13009E   14341.59221509  .00000252  00000-0  10462-3 0  5261
2 39090  98.6155 176.0335 0009949 148.1396 212.0393 14.34666274 93189
BRITE-AUSTRIA           
1 39091U 13009F   14341.79932294  .00000197  00000-0  85219-4 0  5401
2 39091  98.6102 175.9901 0011171 156.3229 203.8472 14.34784529 93220
UNIBRITE                
1 39092U 13009G   14341.78679757  .00000199  00000-0  86087-4 0  5500
2 39092  98.6102 175.8231 0010192 149.3746 210.8036 14.34657665 93217
DOVE-2                  
1 39132U 13015C   14342.42749540  .00006430  00000-0  48154-3 0  7083
2 39132  64.8792 314.2572 0040054 273.0883  86.5646 15.02890713 89743
AIST-2                  
1 39133U 13015D   14342.34253313  .00004370  00000-0  34078-3 0  7208
2 39133  64.8759 315.3543 0039023 273.2840  86.3799 15.01878605 89715
SOMP                    
1 39134U 13015E   14341.99379446  .00015186  00000-0  97260-3 0  7855
2 39134  64.8757 307.5076 0035855 279.6293  80.0778 15.08204903 89820
BEESAT-2                
1 39136U 13015G   14342.34366680  .00013891  00000-0  91523-3 0  7658
2 39136  64.8758 307.5218 0036160 279.8788  79.8251 15.07202748 89862
NEE-01 PEGASUS          
1 39151U 13018B   14342.18540343  .00002270  00000-0  31979-3 0  5500
2 39151  98.0312  61.9846 0018609 147.4182 212.8181 14.78173596 87244
CUBEBUG-1 (CAPITAN BETO)
1 39153U 13018D   14342.21471451  .00002877  00000-0  40109-3 0  7026
2 39153  98.0315  62.1196 0018515 147.2038 213.0326 14.78406672 87253
ESTCUBE 1               
1 39161U 13021C   14342.45337390  .00002629  00000-0  44098-3 0  7349
2 39161  98.0879  62.0108 0009587 196.1288 163.9602 14.70534151 85207
POPACS 1                
1 39268U 13055D   14342.13193197  .00028873  00000-0  93611-3 0  3838
2 39268  81.0090 239.4902 0731276  14.3666 347.7119 14.11621409 60994
POPACS 2                
1 39269U 13055E   14342.05024846  .00021017  00000-0  67493-3 0  3511
2 39269  81.0022 241.0382 0754715  19.3617 343.4636 14.06880891 60897
POPACS 3                
1 39270U 13055F   14341.05409481  .00016330  00000-0  53755-3 0  3376
2 39270  80.9978 242.9711 0765135  24.8179 338.7832 14.04133252 60700
PHONESAT 2.4            
1 39381U 13064B   14341.86185574  .00028382  00000-0  86741-3 0  2967
2 39381  40.5002 164.8265 0008345 336.1127  23.9298 15.33197989 58496
KYSAT II                
1 39384U 13064E   14341.91656623  .00173995  00000-0  22920-2 0  4471
2 39384  40.4919 139.0047 0017844   8.2569 351.8543 15.56856215 58796
ORSES                   
1 39386U 13064G   14341.94128340  .00045178  00000-0  12161-2 0  3696
2 39386  40.4981 159.1769 0006316 339.9593  20.0972 15.37026820 58267
ORS TECH 1              
1 39387U 13064H   14341.90511002  .00112402  00000-0  19092-2 0  4117
2 39387  40.5139 145.0487 0015441   3.7935 356.2999 15.50162016 58738
PROMETHEUS 1-4          
1 39390U 13064L   14341.82521188  .00043065  00000-0  11358-2 0  3572
2 39390  40.4984 159.1688 0007268 341.7484  18.3069 15.37666240 57736
PROMETHEUS 1-2          
1 39391U 13064M   14340.92039315  .00041558  00000-0  10984-2 0  3501
2 39391  40.4980 164.6306 0007351 335.6922  24.3545 15.37612079 56357
PROMETHEUS 1-5          
1 39393U 13064P   14340.91969877  .00043243  00000-0  11264-2 0  3546
2 39393  40.5168 164.3035 0009302 346.6402  13.4165 15.38031457 57553
PROMETHEUS 1-6          
1 39394U 13064Q   14340.96737328  .00042115  00000-0  11128-2 0  3485
2 39394  40.5150 164.6443 0009355 342.7993  17.2503 15.37600397 57520
ORS TECH 2              
1 39396U 13064S   14341.91479862  .00101584  00000-0  18007-2 0  4030
2 39396  40.5123 146.0039 0014698   4.9264 355.1697 15.49013072 57823
FIREFLY                 
1 39404U 13064AA  14341.87638852  .00024708  00000-0  77878-3 0  3090
2 39404  40.5147 166.4272 0004510 339.9067  20.1568 15.32292649 57915
VERMONT LUNAR           
1 39407U 13064AD  14340.92320294  .00042961  00000-0  11145-2 0  3316
2 39407  40.5197 164.4483 0007448 342.7777  17.2785 15.38174753 56185
PROMETHEUS 1-3          
1 39408U 13064AE  14341.93964925  .00045241  00000-0  11879-2 0  3446
2 39408  40.4990 158.2914 0007421 346.9739  13.0883 15.37785261 58457
ZACUBE-1 (TSHEPISOSAT)  
1 39417U 13066B   14341.84514100  .00002740  00000-0  36729-3 0  4837
2 39417  97.7562  46.3855 0062121  40.5358 320.0456 14.78846531 56356
WNISAT-1                
1 39423U 13066H   14342.46732749  .00001232  00000-0  25619-3 0   842
2 39423  97.7330  31.1350 0178930  78.8215 283.3044 14.52072692 55422
CINEMA-2 (KHUSAT-2)     
1 39424U 13066J   14341.81547868  .00001913  00000-0  29907-3 0  3402
2 39424  97.7485  41.6119 0096004  50.5601 310.4053 14.70843463 56032
CINEMA-3 (KHUSAT-2)     
1 39426U 13066L   14341.81708126  .00000968  00000-0  16243-3 0  3251
2 39426  97.7443  39.9948 0107631  54.6608 306.4601 14.68092113 55936
TRITON-1                
1 39427U 13066M   14342.14374246  .00001913  00000-0  32309-3 0  3354
2 39427  97.7432  38.9273 0118116  57.1506 304.1004 14.65978818 55877
GOMX 1                  
1 39430U 13066Q   14342.39368133  .00002346  00000-0  44601-3 0   540
2 39430  97.7381  34.0762 0156433  70.5395 291.2629 14.57403834 55582
BRITE-PL                
1 39431U 13066R   14341.70612574  .00000471  00000-0  11091-3 0  3161
2 39431  97.7263  27.0766 0205582  91.4644 271.0109 14.46228267 55084
HUMSAT-D                
1 39433U 13066T   14342.23564356  .00006054  00000-0  66215-3 0  3448
2 39433  97.7632  51.7518 0034055  34.2264 326.1138 14.87768544 56709
EAGLE 2                 
1 39436U 13066W   14342.16216207  .00034190  00000-0  29965-2 0  4287
2 39436  97.7644  53.5159 0023518  33.2856 326.9838 14.96354734 56824
VELOX-PII               
1 39438U 13066Y   14341.73160170  .00002194  00000-0  31203-3 0  3263
2 39438  97.7536  44.6240 0073800  43.9892 316.7159 14.75997781 56224
CUBEBUG-2 (LO-74)       
1 39440U 13066AA  14341.79214521  .00002400  00000-0  35461-3 0  3318
2 39440  97.7516  43.2686 0084083  46.6960 314.1220 14.73734857 56148
NEE-02 KRYSAOR          
1 39441U 13066AB  14341.63913537  .00001773  00000-0  26619-3 0  3176
2 39441  97.7507  42.9808 0084863  47.5915 313.2433 14.73342132 56065
FUNCUBE-1 (AO-73)       
1 39444U 13066AE  14341.73183541  .00003575  00000-0  47332-3 0  3261
2 39444  97.7568  46.3808 0061741  40.4970 320.0812 14.79196057 55106
UWE-3                   
1 39446U 13066AG  14341.90878294  .00002539  00000-0  35829-3 0  3344
2 39446  97.7534  44.8486 0073520  43.1759 317.5184 14.76203153 55037
BRITE-TORONTO           
1 40020U 14033L   14342.50033826  .00001479  00000-0  26556-3 0  5194
2 40020  97.9554 231.8663 0089147  13.9164 346.4456 14.65626682 25048
DUCHIFAT-1              
1 40021U 14033M   14342.44955836  .00005775  00000-0  65775-3 0  5078
2 40021  97.9686 237.4600 0015242  88.9201 271.3707 14.86485705 25459
NANOSATC-BR1            
1 40024U 14033Q   14342.53226538  .00004970  00000-0  57017-3 0  5000
2 40024  97.9661 237.4721 0014548  89.4769 270.8099 14.86264363 25466
QB50P1                  
1 40025U 14033R   14342.40604371  .00004017  00000-0  46425-3 0  5072
2 40025  97.9693 237.3271 0014523  87.6683 272.6163 14.86070594 25451
FLOCK 1C-7              
1 40026U 14033S   14342.39769017  .00003077  00000-0  35663-3 0  5044
2 40026  97.9746 237.4545 0013408  86.1484 274.1259 14.86140208 25453
FLOCK 1C-1              
1 40027U 14033T   14342.28074095  .00003967  00000-0  45858-3 0  5021
2 40027  97.9730 237.2934 0014505  85.6775 274.6076 14.86071108 25435
POPSAT-HIP-1            
1 40028U 14033U   14342.42483434  .00004104  00000-0  47593-3 0  5278
2 40028  97.9710 237.3803 0016044  84.8677 275.4346 14.85904785 25447
FLOCK 1C-2              
1 40029U 14033V   14342.43006463  .00003161  00000-0  36536-3 0  5034
2 40029  97.9709 237.4033 0016033  83.4484 276.8521 14.86213828 25443
FLOCK 1C-4              
1 40031U 14033X   14342.35575475  .00003530  00000-0  40687-3 0  4965
2 40031  97.9730 237.3498 0016515  82.1158 278.0287 14.86245219 25423
QB50P2                  
1 40032U 14033Y   14342.45189834  .00004051  00000-0  47303-3 0  5116
2 40032  97.9667 237.2599 0013932  82.3057 277.9713 14.85652511 25455
FLOCK 1C-11             
1 40033U 14033Z   14342.43638620  .00003436  00000-0  39720-3 0  4846
2 40033  97.9730 237.4183 0014764  77.4478 282.8320 14.86165499 25458
ANTELSAT                
1 40034U 14033AA  14342.48313295  .00003600  00000-0  56666-3 0  5077
2 40034  97.9635 233.5721 0061440  11.2768 348.9771 14.71856172 25238
FLOCK 1C-9              
1 40035U 14033AB  14342.24104257  .00003178  00000-0  36918-3 0  4941
2 40035  97.9747 237.2305 0014037  76.8091 283.4625 14.86022818 25417
FLOCK 1C-6              
1 40036U 14033AC  14342.45381614  .00003614  00000-0  41927-3 0  5020
2 40036  97.9777 237.4388 0014439  76.3517 283.9190 14.85982514 25451
PERSEUS-M2              
1 40037U 14033AD  14342.41888829  .00001862  00000-0  22391-3 0  5204
2 40037  97.9713 237.2593 0015874  80.6491 279.6507 14.85088461 25431
FLOCK 1C-5              
1 40038U 14033AE  14342.39787046  .00003091  00000-0  36109-3 0  4972
2 40038  97.9749 237.3330 0016875  75.2214 285.0838 14.85774339 25430
PERSEUS-M1              
1 40039U 14033AF  14342.39186613  .00001918  00000-0  23232-3 0  5156
2 40039  97.9728 237.1731 0015791  75.8451 284.4474 14.84734246 25437
FLOCK 1C-8              
1 40040U 14033AG  14342.26811671  .00008375  00000-0  96050-3 0  5100
2 40040  97.9772 237.2210 0015715  72.7503 287.5356 14.86057137 25411
FLOCK 1C-3              
1 40041U 14033AH  14342.40353445  .00003209  00000-0  37550-3 0  5063
2 40041  97.9777 237.3514 0015536  71.6033 288.6856 14.85700657 25432
POLYITAN-1              
1 40042U 14033AJ  14342.38695538  .00005101  00000-0  60000-3 0  5163
2 40042  97.9741 237.2051 0017169  74.2398 286.0666 14.85190560 25422
TIGRISAT                
1 40043U 14033AK  14342.24292507  .00002617  00000-0  40646-3 0  5093
2 40043  97.9597 233.5356 0062240  15.5726 344.7375 14.72640486 25064
LEMUR-1                 
1 40044U 14033AL  14342.38990295  .00002457  00000-0  38335-3 0  5058
2 40044  97.9611 233.6646 0061496  15.4089 344.8933 14.72531321 25099
AEROCUBE 6A             
1 40045U 14033AM  14342.39900835  .00005198  00000-0  80849-3 0  5031
2 40045  97.9640 233.5332 0061251  11.8429 348.4168 14.72174260 24948
AEROCUBE 6B             
1 40046U 14033AN  14342.39969899  .00005159  00000-0  80248-3 0  5015
2 40046  97.9638 233.5266 0061282  11.6684 348.5865 14.72177299 25072
UKUBE-1                 
1 40074U 14037F   14342.45825093  .00004185  00000-0  54569-3 0  4894
2 40074  98.3847  41.1126 0005796 133.6480 226.5188 14.81127126 22596
CHASQUI-1               
1 40117U 98067ET  14342.37430006  .00243029  00000-0  15801-2 0  3418
2 40117  51.6417 309.0185 0010349  81.4596  79.2830 15.74614462 17417
BRITE-PL 2              
1 40119U 14049B   14342.39996857  .00002090  00000-0  26398-3 0  1548
2 40119  98.0114  53.9671 0017460 209.2756 150.7457 14.82882554 16485
FLOCK 1B-24             
1 40122U 98067EU  14342.14192455  .00126705  00000-0  12323-2 0  3161
2 40122  51.6369 312.1098 0004239  52.8545  34.5443 15.65363679 52935
FLOCK 1B-23             
1 40123U 98067EV  14342.47112508  .00129017  00000-0  12583-2 0  3245
2 40123  51.6401 310.5778 0007269  88.4531 357.7872 15.65263599 52987
FLOCK 1B-26             
1 40124U 98067EW  14342.35127011  .01151050  63307-3  28723-2 0  3246
2 40124  51.6327 306.9061 0008297  93.5280 266.6586 15.95214854 71051
FLOCK 1B-25             
1 40125U 98067EX  14342.42000759  .00109032  00000-0  89510-3 0  3224
2 40125  51.6400 310.1250 0005882  90.9518  47.2989 15.69598111 53011
FLOCK 1B-15             
1 40126U 98067EY  14342.43254752  .00234411  00000-0  17971-2 0  3300
2 40126  51.6356 309.5650 0008994  81.0794 358.0646 15.70785907 53041
FLOCK 1B-16             
1 40127U 98067EZ  14342.36756617  .01282784  86025-3  26154-2 0  3067
2 40127  51.6397 307.0164 0012377 114.9849 245.2454 15.98842622 53072
FLOCK 1B-1              
1 40131U 98067FA  14342.45945843  .00373971  00000-0  25442-2 0  2515
2 40131  51.6398 309.7351 0009779 101.4790 344.3306 15.73189931 16945
FLOCK 1B-2              
1 40132U 98067FB  14342.48507068  .00264716  00000-0  23261-2 0  2425
2 40132  51.6396 309.9040 0006934  82.8282   7.5270 15.67396070 16911
FLOCK 1B-8              
1 40133U 98067FC  14342.43075755  .00099734  00000-0  89797-3 0  2573
2 40133  51.6391 310.1900 0010161  78.2956  63.7622 15.67340714 53202
FLOCK 1B-7              
1 40134U 98067FD  14342.37925006  .00102352  00000-0  91091-3 0  2357
2 40134  51.6403 310.6369 0009107  81.8686  44.1605 15.67627896 53190
FLOCK 1B-18             
1 40139U 98067FE  14342.46161176  .00244904  00000-0  20084-2 0  2614
2 40139  51.6384 310.5132 0010173  79.3059   5.3088 15.69116905 14671
FLOCK 1B-17             
1 40140U 98067FF  14342.41215263  .00163537  00000-0  16320-2 0  2708
2 40140  51.6381 311.5747 0009442  70.5883  65.3658 15.64536814 14655
