BEIJING 1               
1 28890U 05043A   14342.54791060  .00000450  00000-0  10078-3 0  3122
2 28890  97.8120 171.4922 0015256 173.8958 186.2442 14.60847619485844
HJ-1A                   
1 33320U 08041A   14342.48420774  .00002049  00000-0  30561-3 0  9177
2 33320  98.0590  40.3303 0027857 110.8990 249.5202 14.75684541336780
HJ-1B                   
1 33321U 08041B   14342.45386921  .00002195  00000-0  32543-3 0  9624
2 33321  98.0621  40.9786 0036483 126.9149 233.5398 14.75681294336765
YAOGAN 4                
1 33446U 08061A   14342.53963552  .00001202  00000-0  18267-3 0  6424
2 33446  97.6672  16.1012 0018278  59.1152 301.1865 14.75613293324058
DEIMOS-1                
1 35681U 09041A   14342.53825123  .00005086  00000-0  84042-3 0  9620
2 35681  97.9858 234.6246 0001222  57.5622 302.5728 14.70799193287602
UK-DMC 2                
1 35683U 09041C   14342.50394218  .00000820  00000-0  14297-3 0  9700
2 35683  97.9503 233.5743 0001333  92.9801 267.1572 14.70544200287527
RISAT 1                 
1 38248U 12017A   14342.49316586  .00003092  00000-0  19965-3 0  9528
2 38248  97.5618 347.1673 0003112  21.6682 137.5894 15.08987974144246
