SAUDISAT 1C             
1 27607U 02058C   14341.84576642  .00001014  00000-0  16853-3 0  5945
2 27607  64.5571  62.8188 0068127 327.2460  32.4426 14.74211515643075
SAUDISAT 2              
1 28371U 04025F   14342.51316531  .00000568  00000-0  14497-3 0  6737
2 28371  98.0037 313.9256 0025099 319.2897  40.6409 14.53869078553897
UNISAT 3                
1 28373U 04025H   14341.81949703  .00000495  00000-0  15043-3 0  9880
2 28373  98.2286 290.2181 0070703 131.7980 312.4093 14.44821861550684
SAUDISAT 3              
1 31118U 07012B   14342.45408335  .00000527  00000-0  98164-4 0  2944
2 31118  97.7517   9.8001 0015101 346.2641  13.8155 14.68752607409691
