PROBA-1                 
1 26958U 01049B   14342.51779716  .00001604  00000-0  14988-3 0  7948
2 26958  97.4567 333.5635 0075515 177.5695 182.5910 14.93345902713862
BIRD 2                  
1 26959U 01049C   14342.23513307  .00010950  00000-0  42993-3 0  5365
2 26959  97.7897 229.6690 0013007  38.3599  79.6099 15.25825678725252
CUTE-1 (CO-55)          
1 27844U 03031E   14342.27695815  .00000304  00000-0  15815-3 0   877
2 27844  98.6976 348.5423 0010678 130.0917 358.1293 14.21645463593312
CUBESAT XI-IV (CO-57)   
1 27848U 03031J   14342.02677145  .00000260  00000-0  13906-3 0   274
2 27848  98.7072 348.1019 0010436 136.7892 287.0526 14.21314157593196
GENESIS 1               
1 29252U 06029A   14342.32785891  .00006859  00000-0  39465-3 0  4054
2 29252  64.5093  49.5119 0048892 293.5279 130.9231 15.12241936462157
FALCONSAT-3             
1 30776U 07006E   14341.80775569  .00017384  00000-0  79792-3 0   201
2 30776  35.4287 116.7452 0002474  31.7987 119.5876 15.19608075427127
GENESIS 2               
1 31789U 07028A   14342.18801572  .00006612  00000-0  39630-3 0  1149
2 31789  64.5088  84.6935 0016239 334.7945  25.2381 15.11687214409260
APRIZESAT 4             
1 35684U 09041D   14342.03676193  .00000791  00000-0  11465-3 0  6577
2 35684  98.0650 263.2984 0048140 187.0453 238.1022 14.78172695288854
APRIZESAT 3             
1 35686U 09041F   14341.94582610  .00001080  00000-0  12488-3 0  6969
2 35686  98.1718 292.6278 0076375 130.9766 270.3818 14.85740885290178
PROBA-2                 
1 36037U 09059B   14342.17043878  .00000288  00000-0  81096-4 0  5862
2 36037  98.2779 172.7404 0012181 295.3632 201.2003 14.52717775270251
APRIZESAT 5             
1 37792U 11044E   14342.30430823  .00000952  00000-0  14833-3 0  5438
2 37792  98.2359  88.8381 0060764 108.3511 310.0984 14.74164118177988
APRIZESAT 6             
1 37793U 11044F   14342.22708340  .00000849  00000-0  14328-3 0  5874
2 37793  98.2167  82.3719 0049010 121.1788 294.5089 14.71367198177645
TET-1                   
1 38710U 12039D   14342.21231973  .00016110  00000-0  53038-3 0   831
2 38710  97.4763 259.8083 0000592   0.1533 359.9709 15.31575928132363
STSAT-2C                
1 39068U 13003A   14341.85503532  .00053759 -44700-6  90300-3 0  6620
2 39068  80.2503 161.2610 0641259  64.9434 301.6904 14.44225534 95832
CUSAT 1                 
1 39266U 13055B   14342.26783567  .00028409  00000-0  89842-3 0  3944
2 39266  80.9904 239.3479 0740016  16.1625 346.1824 14.10321081 60975
STPSAT-3                
1 39380U 13064A   14341.83489226  .00009149  00000-0  36325-3 0  3250
2 39380  40.5130 177.4814 0002021 311.4383  48.6253 15.25281931 58376
APRIZESAT 7             
1 39416U 13066A   14342.14129222  .00000845  00000-0  10944-3 0  3516
2 39416  97.7602  49.3616 0042614  38.3220 322.1009 14.82777177 56548
APRIZESAT 8             
1 39425U 13066K   14341.85498847  .00000736  00000-0  10142-3 0  3480
2 39425  97.7576  47.5023 0053421  39.7562 320.7546 14.80154056 56422
BUGSAT-1 (TITA)         
1 40014U 14033E   14342.49750390  .00004279  00000-0  42019-3 0  5471
2 40014  97.9794 239.3437 0034232 135.4746 224.9173 14.92292294 25594
SAUDISAT 4              
1 40016U 14033G   14342.48320185  .00001203  00000-0  18525-3 0  4600
2 40016  97.9641 234.3633 0049554  14.3447 345.9134 14.74494122 25300
TABLETSAT-AURORA        
1 40017U 14033H   14342.34744032  .00004354  00000-0  45322-3 0  5412
2 40017  97.9770 238.5537 0025770 128.3106 232.0447 14.90126156 25530
APRIZESAT 9             
1 40018U 14033J   14342.48209213  .00001102  00000-0  18800-3 0  5212
2 40018  97.9581 232.8819 0072747  13.0019 347.3034 14.69237108 25112
APRIZESAT 10            
1 40019U 14033K   14342.27091254  .00000974  00000-0  17586-3 0  5232
2 40019  97.9561 231.8758 0085676  14.2096 346.1475 14.66361245 25084
AISAT                   
1 40054U 14034B   14342.44475878  .00005344  00000-0  81840-3 0  4575
2 40054  98.2389  52.1710 0014898 112.8601 247.4163 14.74049394 23747
CANX-4                  
1 40055U 14034C   14342.36817294  .00001707  00000-0  26935-3 0  3986
2 40055  98.2394  52.1806 0015390 119.7491 240.5206 14.73666480 23732
CANX-5                  
1 40056U 14034D   14342.50396779  .00001965  00000-0  30890-3 0  3883
2 40056  98.2416  52.3226 0015290 118.7247 241.5490 14.73667941 23754
TIANTUO 2               
1 40144U 14053B   14342.46623155  .00006823  00000-0  25175-3 0  3178
2 40144  97.4058  55.4135 0012312 316.6499 167.4428 15.28033077 13932
