GOES 3                  
1 10953U 78062A   14340.22051321 -.00000106  00000-0  00000+0 0  8681
2 10953  14.2849 341.2417 0004482 160.7534 264.7231  1.00266669 86706
TDRS 3                  
1 19548U 88091B   14342.29371823 -.00000305  00000-0  00000+0 0  4142
2 19548  14.4951  18.1200 0038637 294.5696 167.5354  1.00280541 83185
LEASAT 5                
1 20410U 90002B   14342.00335145 -.00000083  00000-0  10000-3 0  2969
2 20410  11.0895  19.7787 0004926 202.2373 287.8896  1.00272670 76480
SKYNET 4C               
1 20776U 90079A   14341.80745563 -.00000041  00000-0  00000+0 0    51
2 20776  13.1535  25.8140 0004324 245.3420  94.8097  1.00272094 88733
INMARSAT 2-F2           
1 21149U 91018A   14342.18954347  .00000092  00000-0  00000+0 0  3625
2 21149   9.7038  37.1599 0003635 208.3041 117.6058  1.00274755 86996
TDRS 5                  
1 21639U 91054B   14342.49012575  .00000085  00000-0  00000+0 0  7021
2 21639  13.5192  31.6864 0012691 320.6041  93.6415  1.00278058 85526
TDRS 6                  
1 22314U 93003B   14342.03106073 -.00000296  00000-0  00000+0 0  7075
2 22314  12.9786  34.4915 0005482 267.7692  99.5671  1.00280559 80231
INTELSAT 701 (IS-701)   
1 22871U 93066A   14341.11326703 -.00000221  00000-0  00000+0 0  5632
2 22871   2.4105  72.2992 0004482 187.9945 186.7863  1.00271236 77225
NATO 4B                 
1 22921U 93076A   14340.69782794  .00000126  00000-0  00000+0 0  2682
2 22921  11.3860  32.2732 0004446 204.8757 123.2061  1.00278312 76920
INTELSAT 702 (IS-702)   
1 23124U 94034A   14341.82246088  .00000148  00000-0  10000-3 0  3792
2 23124   2.7588  70.7594 0003941 196.7077 138.0311  1.00273696 89165
OPTUS B3                
1 23227U 94055A   14342.48850719 -.00000084  00000-0  00000+0 0  6118
2 23227   5.8527  57.6687 0007127 184.0742 175.4566  1.00271675 74236
ASTRA 1D                
1 23331U 94070A   14342.36527806 -.00000282  00000-0  00000+0 0  1032
2 23331   6.0434  56.7862 0001248 227.6557 216.5159  1.00272160 74069
BRASILSAT B2            
1 23536U 95016A   14342.32261564 -.00000290  00000-0  00000+0 0  2122
2 23536   5.6644  58.5442 0002802 194.7004 236.6878  1.00271695 72180
AMSC 1                  
1 23553U 95019A   14342.44152296 -.00000116  00000-0  00000+0 0   695
2 23553   8.7474  48.7919 0006463 190.4931 253.4549  1.00271750 71995
INTELSAT 706 (IS-706)   
1 23571U 95023A   14338.98958330 -.00000236  00000-0  10000-3 0  2136
2 23571   2.7100  72.5720 0009872 109.2160  14.7020  0.98949728 71567
TDRS 7                  
1 23613U 95035B   14342.09533280 -.00000205  00000-0  00000+0 0  8964
2 23613  14.3389  25.3252 0018638   3.8633 166.7763  1.00271084 70986
ASTRA 1E                
1 23686U 95055A   14341.89649856  .00000145  00000-0  00000+0 0  1538
2 23686   3.7147  66.7613 0003963 192.8686 170.9034  1.00273680 70007
ECHOSTAR 1              
1 23754U 95073A   14341.50783380 -.00000247  00000-0  10000-3 0  3040
2 23754   0.0720  92.5067 0003230 158.4449 290.9232  1.00270968 69234
ABS-1A                  
1 23768U 96003A   14341.64137751 -.00000130  00000-0  10000-3 0  3310
2 23768   6.7199  54.9772 0004702 203.5866 126.6107  1.00273447 69193
INMARSAT 3-F1           
1 23839U 96020A   14339.60469042  .00000002  00000-0  10000-3 0  7032
2 23839   2.1926  71.8783 0006146 184.2282 100.4341  1.00273568 68396
ASTRA 1F                
1 23842U 96021A   14341.15423285  .00000081  00000-0  00000+0 0  2429
2 23842   0.0312 347.1388 0004010 274.9386 283.9319  1.00273028 68287
MSAT M1                 
1 23846U 96022A   14342.38513684 -.00000091  00000-0  00000+0 0  9174
2 23846   6.2465  56.4169 0007556 193.7397 219.0156  1.00271802 68257
PALAPA C2               
1 23864U 96030A   14342.60769872 -.00000242  00000-0  10000-3 0  1568
2 23864   3.8629  65.2725 0001803 177.3670 199.4661  1.00272474 67986
INMARSAT 3-F2           
1 24307U 96053A   14342.15407199 -.00000128  00000-0  00000+0 0  5222
2 24307   0.7485  82.5539 0007223 167.6115 226.6247  1.00270870 66832
AMC-1 (GE-1)            
1 24315U 96054A   14342.52754789 -.00000107  00000-0  00000+0 0  5444
2 24315   0.0673  69.2775 0000943 140.5005 314.3536  1.00271441 66827
AFRICASAT-2 (MEASAT-2)  
1 24653U 96063B   14340.14376464 -.00000233  00000-0  00000+0 0  2521
2 24653   5.9515  57.2777 0007572 155.2824  61.9703  1.00267422 66192
EUTELSAT 48A            
1 24665U 96067A   14341.11596075  .00000111  00000-0  10000-3 0  1638
2 24665   4.7298  61.8976 0006740 193.1946 270.7125  1.00272633 66462
INMARSAT 3-F3           
1 24674U 96070A   14341.52739485  .00000033  00000-0  00000+0 0  5857
2 24674   1.5998  76.4057 0007077 183.5403 184.2165  1.00271964 65773
AMC-2 (GE-2)            
1 24713U 97002A   14342.32404108 -.00000232  00000-0  00000+0 0  9831
2 24713   2.5775  71.1589 0005330 181.2497 220.3919  1.00270388 16157
INTELSAT 26 (IS-26)     
1 24732U 97007A   14341.66352436 -.00000013  00000-0  00000+0 0  8509
2 24732   5.9200  57.4935 0005071 188.0510 135.4566  1.00271971 65105
GALAXY 25 (G-25)        
1 24812U 97026A   14339.60497291 -.00000169  00000-0  00000+0 0  9580
2 24812   0.0055 281.7347 0003584 335.0371 302.2573  1.00271772 64169
INMARSAT 3-F4           
1 24819U 97027A   14339.38474463 -.00000296  00000-0  00000+0 0  4068
2 24819   4.0939  63.5312 0004984 182.0984 272.8976  1.00266695 64172
SUPERBIRD-A3            
1 24880U 97036A   14340.99203058 -.00000353  00000-0  00000+0 0  9165
2 24880   5.0554  60.6161 0004929 144.4977 331.3963  1.00440530 63524
ABS-3                   
1 24901U 97042A   14341.28949228 -.00000035  00000-0  10000-3 0  3486
2 24901   3.1458  69.2570 0003925 182.5827 285.3419  1.00272273 63342
INTELSAT 5 (IS-5)       
1 24916U 97046A   14340.60957234 -.00000146  00000-0  00000+0 0   314
2 24916   1.7167  75.8805 0001744 166.9753 208.8954  1.00270466 63418
METEOSAT-7              
1 24932U 97049B   14342.61181843  .00000049  00000-0  00000+0 0  5139
2 24932   9.3787  46.2857 0002724 195.8066 113.1685  1.00266808 63238
AMC-3 (GE-3)            
1 24936U 97050A   14342.50586810 -.00000277  00000-0  10000-3 0   691
2 24936   0.0145 312.0726 0003183 307.3836 292.8367  1.00271229 63248
NSS-5                   
1 24957U 97053A   14340.79349905  .00000104  00000-0  00000+0 0   343
2 24957   2.0255  74.2469 0003714 162.4466 174.9809  1.00274366 63016
ECHOSTAR 3              
1 25004U 97059A   14342.32265376 -.00000287  00000-0  10000-3 0  9317
2 25004   0.2595  81.2273 0002578 201.9060 208.2418  1.00271584 62941
JCSAT-1B                
1 25067U 97075A   14340.88391866 -.00000210  00000-0  10000-3 0  2541
2 25067   3.8786  65.1269 0006158 184.3574 294.3129  1.00272785 62342
ASTRA 1G                
1 25071U 97076A   14341.67827898  .00000044  00000-0  00000+0 0  7807
2 25071   0.4485  77.3163 0004048 186.9300 116.1442  1.00273654 62339
BRASILSAT B3            
1 25152U 98006A   14342.41445532 -.00000175  00000-0  00000+0 0  2255
2 25152   2.2453  73.7650 0003223 174.5480 246.0116  1.00271979 61755
INMARSAT 3-F5           
1 25153U 98006B   14342.11063260  .00000135  00000-0  00000+0 0  4906
2 25153   0.7480  69.5785 0005328 192.3145 239.3135  1.00271002 61725
EUTELSAT 16B            
1 25237U 98013A   14341.81013780  .00000095  00000-0  10000-3 0   495
2 25237   2.5534  71.7175 0005412 177.4799 134.7565  1.00273795 61758
NSS-806                 
1 25239U 98014A   14342.21350274 -.00000284  00000-0  00000+0 0  4147
2 25239   0.0503  18.5641 0004467 237.6055 210.0799  1.00272708 61489
CHINASAT 5A (ZX 5A)     
1 25354U 98033A   14342.34787196 -.00000271  00000-0  00000+0 0  2208
2 25354   0.0177 277.9659 0003640 303.5381 122.7628  1.00270097 65046
THOR III                
1 25358U 98035A   14342.10995416 -.00000046  00000-0  00000+0 0  6343
2 25358   3.7793  65.3668 0003983 186.5970 220.1067  1.00271591 60513
INTELSAT 805 (IS-805)   
1 25371U 98037A   14341.18572707 -.00000291  00000-0  10000-3 0  5280
2 25371   0.0038 314.1749 0002577 302.6792 190.3969  1.00271610 60359
ASTRA 2A                
1 25462U 98050A   14341.83454939  .00000144  00000-0  00000+0 0    88
2 25462   0.0639 106.3624 0002301  83.7184 215.0658  1.00270594 59625
INTELSAT 7 (IS-7)       
1 25473U 98052A   14341.35178039 -.00000148  00000-0  00000+0 0  1078
2 25473   1.3021  79.0928 0006569 202.9741 262.4348  1.00272567 59436
SIRIUS 3                
1 25492U 98056B   14340.79349905  .00000096  00000-0  00000+0 0  6955
2 25492   4.8617  61.3163 0000997 160.5808 190.4430  1.00272934 59275
AFRISTAR                
1 25515U 98063A   14339.12596507  .00000119  00000-0  00000+0 0  6356
2 25515   1.6858  72.9717 0004479 189.6553 237.5600  1.00273196 58951
INTELSAT 8 (IS-8)       
1 25522U 98065A   14340.57234115 -.00000037  00000-0  00000+0 0  8353
2 25522   0.0055 357.8396 0002799 240.3193 212.1580  1.00272444 58947
BONUM-1                 
1 25546U 98068A   14337.87511235  .00000104  00000-0  00000+0 0  8615
2 25546   2.5533  72.1030 0004323  20.5595 350.1911  1.00016266 58806
EUTELSAT 115 WEST A     
1 25558U 98070A   14342.18686946 -.00000031  00000-0  10000-3 0  6784
2 25558   1.3086  78.4389 0005050 179.2670 131.5243  1.00271933 58835
JCSAT-4A                
1 25630U 99006A   14341.79499787 -.00000160  00000-0  10000-3 0  6701
2 25630   0.4057  84.9740 0002122 176.6624 182.9882  1.00271314 57790
SKYNET 4E               
1 25639U 99009B   14342.03876527  .00000133  00000-0  00000+0 0  7134
2 25639   9.1100  36.2635 0003601 215.0435 231.6606  1.00271931 57823
ASIASAT 3S              
1 25657U 99013A   14340.87664764 -.00000368  00000-0  00000+0 0  9848
2 25657   0.6278  82.6360 0004801 166.2170 262.5446  1.00273125 57609
EUTELSAT 48C            
1 25673U 99018A   14340.44735552 -.00000108  00000-0  00000+0 0   997
2 25673   1.5991  76.6311 0003132 181.8307 177.2686  0.98429870 57366
ASTRA 1H                
1 25785U 99033A   14342.33825523 -.00000277  00000-0  00000+0 0  7068
2 25785   2.0148  74.4883 0005360 177.9051 238.7890  1.00270308 56674
TELKOM 1                
1 25880U 99042A   14341.96551519 -.00000349  00000-0  00000+0 0  9313
2 25880   0.0166  44.7681 0002182 252.6999 234.8109  1.00271396 56178
ABS-7                   
1 25894U 99046A   14340.89955854 -.00000368  00000-0  10000-3 0  7957
2 25894   0.0002 248.4515 0001677  12.6277 254.4644  1.00274550 54942
GALAXY 27 (G-27)        
1 25922U 99052A   14342.03846433 -.00000010  00000-0  10000-3 0  6612
2 25922   1.3766  77.7955 0004372 179.5912 259.3927  1.00272846 55686
ABS-6                   
1 25924U 99053A   14342.34960492 -.00000124  00000-0  10000-3 0  9160
2 25924   0.0730  77.2692 0001906 135.2882 149.3480  1.00271018 55719
TELSTAR 12 (ORION 2)    
1 25949U 99059A   14339.08353755 -.00000126  00000-0  00000+0 0  6858
2 25949   0.0512  95.0422 0003268 171.1440 182.6879  1.00271677 55369
AMC-4 (GE-4)            
1 25954U 99060A   14342.44373706 -.00000277  00000-0  10000-3 0   540
2 25954   0.0580  60.0943 0000529 156.5856 313.1871  1.00272462 55282
GALAXY 11 (G-11)        
1 26038U 99071A   14342.10038421 -.00000291  00000-0  10000-3 0   356
2 26038   0.0589 256.6937 0001347  63.2405  97.4104  1.00272176 54905
HISPASAT 1C             
1 26071U 00007A   14342.45725801 -.00000216  00000-0  00000+0 0  4128
2 26071   0.0636  58.5834 0002501 199.2516 260.0631  1.00271074 54433
GARUDA 1                
1 26089U 00011A   14341.66383501 -.00000361  00000-0  00000+0 0  5606
2 26089   1.0906 211.9070 0003487  68.9831 157.4088  1.00268318 54270
SUPERBIRD-B2            
1 26095U 00012A   14341.64290560 -.00000098  00000-0  00000+0 0  8682
2 26095   0.0218 258.1573 0002809 345.8657 225.7555  1.00271620 54271
EXPRESS-A2              
1 26098U 00013A   14341.89833862 -.00000256  00000-0  10000-3 0  4813
2 26098   7.5366  52.3046 0013947 117.9223  14.7911  1.00270611 53967
ASIASTAR                
1 26107U 00016A   14340.87780913 -.00000338  00000-0  10000-3 0  8334
2 26107   0.0708   8.1918 0004568 229.6983 258.7213  1.00271073 53931
EUTELSAT 16C            
1 26243U 00019A   14342.11039628  .00000089  00000-0  00000+0 0  6286
2 26243   2.4887  71.3422 0003642 190.3349 229.3711  1.00275218 53617
EUTELSAT 36A            
1 26369U 00028A   14342.11089940  .00000150  00000-0  10000-3 0  7091
2 26369   0.0652 348.4141 0004660 265.9842 258.3935  1.00271508 53274
TDRS 8                  
1 26388U 00034A   14340.78186028 -.00000233  00000-0  00000+0 0  3482
2 26388   5.8367  64.8794 0005933 170.8745 210.3071  1.00275916 52965
ECHOSTAR 6              
1 26402U 00038A   14342.58510014 -.00000150  00000-0  00000+0 0  8459
2 26402   2.3983  72.3278 0002289 194.6456 284.7122  1.00271463 52733
INTELSAT 9 (IS-9)       
1 26451U 00043A   14342.29532354 -.00000275  00000-0  10000-3 0  4378
2 26451   1.7065  76.1772 0003209 176.6188 247.3788  1.00270108 52645
BRASILSAT B4            
1 26469U 00046A   14340.35209775 -.00000217  00000-0  10000-3 0  6786
2 26469   0.0713 126.6498 0003061 135.2363 215.9348  1.00273398 52416
NILESAT 102             
1 26470U 00046B   14342.12177979 -.00000063  00000-0  00000+0 0  3764
2 26470   0.0178 323.0398 0005334 305.1405 205.4522  1.00271861 52438
ASTRA 2B                
1 26494U 00054A   14342.23518409  .00000149  00000-0  00000+0 0  5719
2 26494   0.3336  74.7200 0003395 177.2705 300.9722  1.00275272 52030
AMC-7 (GE-7)            
1 26495U 00054B   14340.39198478  .00000090  00000-0  10000-3 0  5311
2 26495   0.0175 355.6499 0003046 247.2630 196.3071  1.00273475 52091
NSS-11 (AAP-1)          
1 26554U 00059A   14341.96551519 -.00000350  00000-0  10000-3 0  8587
2 26554   0.0145 336.2875 0001551 252.6387 303.4887  1.00269735 51993
N-SAT-110 (JCSAT-110)   
1 26559U 00060A   14342.02731204 -.00000356  00000-0  10000-3 0  8387
2 26559   0.0087   4.8955 0000240 213.6243 338.1029  1.00271587 51926
AMC-6 (GE-6)            
1 26580U 00067A   14342.17786411 -.00000264  00000-0  10000-3 0  6560
2 26580   0.0198 348.4805 0003494 246.9049 193.5090  1.00270086 51789
INTELSAT 12 (IS-12)     
1 26590U 00068A   14342.11109760  .00000132  00000-0  00000+0 0  3624
2 26590   0.0314  41.0346 0003022 221.8188 258.9169  1.00271725 51660
INTELSAT 1R (IS-1R)     
1 26608U 00072A   14339.33616091 -.00000289  00000-0  00000+0 0  9900
2 26608   0.0261 213.6195 0000068 279.8780  11.5576  1.00271750 51458
ANIK F1                 
1 26624U 00076A   14342.27701122 -.00000079  00000-0  00000+0 0  5238
2 26624   0.0027  99.7481 0002075 105.0003 224.6522  1.00272105 51537
ASTRA 2D                
1 26638U 00081A   14342.16155611  .00000143  00000-0  00000+0 0  7607
2 26638   1.8636  74.7197 0001537 174.2669 273.9773  1.00269950 51249
AMC-8 (GE-8)            
1 26639U 00081B   14339.42383556  .00000097  00000-0  10000-3 0  5278
2 26639   0.0277  17.1535 0003036 237.1470 193.4328  1.00273780 51129
TURKSAT 2A              
1 26666U 01002A   14341.77825041  .00000140  00000-0  10000-3 0  6970
2 26666   0.0726  39.7950 0003654 224.0199 134.8193  1.00273222 50958
SKYNET 4F               
1 26695U 01005B   14341.35728635 -.00000252  00000-0  10000-3 0  2566
2 26695   7.6707  43.7878 0004157 207.8796 278.9962  1.00272794 50673
EUTELSAT 28A            
1 26719U 01011A   14341.66995075  .00000145  00000-0  10000-3 0  9262
2 26719   0.0636 349.1862 0004625 263.4648  93.3588  1.00271673 50362
XM-1 (ROLL)             
1 26761U 01018A   14342.24504472 -.00000028  00000-0  10000-3 0  8583
2 26761   0.1392 251.2046 0003539 333.4667 185.2384  1.00272432 49826
INTELSAT 10 (IS-10)     
1 26766U 01019A   14341.74310343  .00000121  00000-0  00000+0 0  7010
2 26766   0.0048   3.3986 0002721 260.5608 127.4810  1.00273375 49722
INTELSAT 901 (IS-901)   
1 26824U 01024A   14341.35178039 -.00000146  00000-0  00000+0 0  4589
2 26824   0.0133 329.5818 0003679 286.0875 289.0147  1.00271204 49458
ASTRA 2C                
1 26853U 01025A   14341.66995185  .00000144  00000-0  10000-3 0  2462
2 26853   0.0584 344.1153 0004161 301.0403  60.5737  1.00273494 49402
ARTEMIS                 
1 26863U 01029A   14341.74723199  .00000105  00000-0  00000+0 0  8671
2 26863  11.5480  43.2731 0005685 200.3883 123.2599  1.00276580 50201
INTELSAT 902 (IS-902)   
1 26900U 01039A   14341.98443116  .00000027  00000-0  00000+0 0  4431
2 26900   0.0009 340.7188 0003230 270.7273 241.6224  1.00272877 48596
EUTELSAT 8 WEST A       
1 26927U 01042A   14342.10986269 -.00000071  00000-0  00000+0 0  2179
2 26927   0.0540 342.8211 0006241 271.6324 213.8219  1.00271283 48323
DIRECTV 4S              
1 26985U 01052A   14341.56245458 -.00000119  00000-0  00000+0 0  4783
2 26985   0.0117 275.4842 0002841 352.7001 269.3594  1.00271601 47788
INSAT-3C                
1 27298U 02002A   14342.54831869 -.00000082  00000-0  00000+0 0   418
2 27298   0.0534  84.5934 0002076 145.0996 118.9784  1.00272858 47163
ECHOSTAR 7              
1 27378U 02006A   14341.57386497 -.00000006  00000-0  00000+0 0  6675
2 27378   0.0203 311.4496 0001965 346.8160 225.7939  1.00271556 46858
INTELSAT 904 (IS-904)   
1 27380U 02007A   14340.61433491  .00000042  00000-0  10000-3 0  5864
2 27380   0.0303  27.1400 0003319 222.9413 106.3972  1.00272340 46873
TDRS 9                  
1 27389U 02011A   14341.36832983 -.00000270  00000-0  10000-3 0  5796
2 27389   3.3369  94.4016 0006419 288.8234 144.0893  1.00264445 48236
JCSAT-2A                
1 27399U 02015A   14340.23094501 -.00000172  00000-0  00000+0 0  3628
2 27399   0.0367  74.3015 0002004 158.5650  79.2076  1.00270480 46478
ASTRA 3A                
1 27400U 02015B   14342.53208508  .00000066  00000-0  00000+0 0  2787
2 27400   2.0384  73.6109 0001485 184.4902 193.8205  1.00274657 46510
INTELSAT 903 (IS-903)   
1 27403U 02016A   14339.32449287 -.00000245  00000-0  00000+0 0  1571
2 27403   0.0305  29.5848 0003152 213.1501 273.6148  1.00270012 46460
NSS-7                   
1 27414U 02019A   14341.22486578 -.00000160  00000-0  00000+0 0  5314
2 27414   0.0007 296.2623 0002549 311.2315 249.3813  1.00272198 46373
DIRECTV 5 (TEMPO 1)     
1 27426U 02023A   14341.62602973 -.00000061  00000-0  10000-3 0  6108
2 27426   0.0165 305.0274 0003549 305.0077 301.5248  1.00271092 46116
INTELSAT 905 (IS-905)   
1 27438U 02027A   14341.11116052 -.00000190  00000-0  00000+0 0  9917
2 27438   0.0246  23.9528 0002774 177.3789 249.9969  1.00270579 45793
EXPRESS-A4              
1 27441U 02029A   14341.35698553 -.00000122  00000-0  00000+0 0  7542
2 27441   4.4157  63.1545 0004366 145.7490 341.6896  1.00271779 45767
GALAXY 3C (G-3C)        
1 27445U 02030A   14342.57342615 -.00000156  00000-0  10000-3 0  2017
2 27445   0.0091 347.4975 0001554   8.0719 193.0774  1.00271385 45752
EUTELSAT 5 WEST A       
1 27460U 02035A   14342.22866252 -.00000047  00000-0  10000-3 0  3356
2 27460   0.0527  20.8743 0006705 235.7188 257.6366  1.00272921 45548
N-STAR C                
1 27461U 02035B   14341.65661337 -.00000315  00000-0  00000+0 0   776
2 27461   2.8686  70.6292 0003005 185.7944 192.2865  1.00268666 45483
EUTELSAT 8 WEST C       
1 27499U 02038A   14341.22994584 -.00000068  00000-0  00000+0 0  7071
2 27499   0.0488 326.1943 0005400 313.8342 231.1711  1.00269676 45006
ECHOSTAR 8              
1 27501U 02039A   14342.32228786 -.00000247  00000-0  10000-3 0  6121
2 27501   0.0627  88.5923 0003363 161.2334 226.3065  1.00270412 45079
EUTELSAT 12 WEST A      
1 27508U 02040A   14341.11455051 -.00000106  00000-0  10000-3 0  4169
2 27508   0.0652 342.8352 0003266 286.1581 195.5442  1.00271120 45049
METEOSAT-8 (MSG-1)      
1 27509U 02040B   14342.11014473  .00000016  00000-0  00000+0 0  2498
2 27509   3.1833  61.7070 0002716 181.0092 237.3415  1.00275203 45049
INTELSAT 906 (IS-906)   
1 27513U 02041A   14340.96117612  .00000008  00000-0  00000+0 0  2484
2 27513   0.0271   8.4450 0002305 230.7029 246.7001  1.00273404 44878
KODAMA (DRTS)           
1 27516U 02042B   14338.75869294 -.00000245  00000-0  10000-3 0  5877
2 27516   3.3122  67.9540 0002383 196.9818 172.4337  1.00271034 44848
KALPANA-1 (METSAT 1)    
1 27525U 02043A   14340.84794116 -.00000087  00000-0  00000+0 0  1427
2 27525   4.7201  62.0057 0014091 203.9627 188.7158  1.00270888 44832
HISPASAT 1D             
1 27528U 02044A   14342.31426123 -.00000221  00000-0  00000+0 0  2943
2 27528   0.0295 321.3378 0005791 312.3221 246.4661  1.00272549 44787
EUTELSAT 33B            
1 27554U 02051A   14341.67037722  .00000150  00000-0  10000-3 0  3587
2 27554   0.0488  38.9648 0003407 208.6962 103.1038  1.00270290 44151
TDRS 10                 
1 27566U 02055A   14342.52877488  .00000076  00000-0  00000+0 0  2772
2 27566   3.3731  62.6068 0010927 196.0815 194.3829  1.00270398 44040
NSS-6                   
1 27603U 02057A   14340.71041753 -.00000276  00000-0  00000+0 0  1382
2 27603   0.0307  66.8025 0003416 192.3305 167.0337  1.00271258 43903
NIMIQ 2                 
1 27632U 02062A   14341.62796910 -.00000067  00000-0  00000+0 0   953
2 27632   0.0984  95.0407 0005917 176.8173 281.3364  1.00271518 43732
INTELSAT 907 (IS-907)   
1 27683U 03007A   14340.14093542 -.00000209  00000-0  00000+0 0  7715
2 27683   0.0050 312.6835 0003376 297.7219 207.6873  1.00271149 43226
INSAT-3A                
1 27714U 03013A   14340.91946240 -.00000264  00000-0  00000+0 0  6523
2 27714   0.0063  27.5813 0002227 158.2097 314.3779  1.00270835 42739
GALAXY 12 (G-12)        
1 27715U 03013B   14341.56779751  .00000053  00000-0  10000-3 0  1308
2 27715   0.0433 111.6159 0002240 132.9501 267.0948  1.00271404 42794
ASIASAT 4               
1 27718U 03014A   14340.94735035 -.00000366  00000-0  00000+0 0  8265
2 27718   0.0488 125.3619 0000532 144.9059 268.5407  1.00269789 42714
HELLAS-SAT 2            
1 27811U 03020A   14341.98567292  .00000147  00000-0  00000+0 0  9659
2 27811   0.0575  90.6701 0004193 157.7714 222.0890  1.00269627 42237
AMC-9 (GE-12)           
1 27820U 03024A   14341.49337118 -.00000221  00000-0  00000+0 0  1400
2 27820   0.0219  12.2500 0003331 241.0838 277.4594  1.00270477 42157
THURAYA-2               
1 27825U 03026A   14341.64984759  .00000125  00000-0  10000-3 0  9734
2 27825   4.0763  24.4303 0005180 223.6221 106.2623  1.00273457 42144
OPTUS C1                
1 27831U 03028B   14341.82475049 -.00000152  00000-0  00000+0 0  2964
2 27831   0.0260 190.2549 0004164  48.4346 290.7412  1.00271404 42117
ECHOSTAR 12 (RAINBOW 1) 
1 27852U 03033A   14340.02678012 -.00000289  00000-0  00000+0 0  2094
2 27852   0.0120 339.1221 0001971 259.6145 144.2690  1.00268224 41769
GALAXY 23 (G-23)        
1 27854U 03034A   14342.03186690  .00000008  00000-0  00000+0 0   610
2 27854   0.0058  10.8568 0003111 235.8787  80.4610  1.00271455 41442
EUTELSAT 33A            
1 27948U 03043A   14342.23518409  .00000149  00000-0  10000-3 0  3527
2 27948   0.5259  80.2762 0000900 152.6006 319.4971  1.00270132 41125
GALAXY 13 (HORIZONS-1)  
1 27954U 03044A   14342.39695043  .00000043  00000-0  00000+0 0  9559
2 27954   0.0058 305.4264 0001899 317.9324 189.5952  1.00272088 41026
YAMAL 202               
1 28089U 03053A   14342.11118907  .00000115  00000-0  10000-3 0  2310
2 28089   0.0013 298.7564 0001957 297.3737 289.6659  1.00274111 40493
AMOS-2                  
1 28132U 03059A   14341.97855115 -.00000040  00000-0  00000+0 0   149
2 28132   0.0561 263.7670 0003323 341.4381 179.7079  1.00270324 40188
EXPRESS-AM22 (SESAT 2)  
1 28134U 03060A   14342.11127293  .00000093  00000-0  10000-3 0  3470
2 28134   0.0113 173.2856 0000160  49.2280 307.3482  1.00273521 40102
AMC-10 (GE-10)          
1 28154U 04003A   14342.51952573  .00000083  00000-0  10000-3 0  2299
2 28154   0.0151 356.7007 0002693 255.9976 236.5201  1.00272025 39730
ABS-2I                  
1 28184U 04007A   14341.64676200  .00000036  00000-0  10000-3 0   981
2 28184   0.0449 127.4674 0003086 124.5429 118.1402  1.00271755 39419
EUTELSAT 7A             
1 28187U 04008A   14341.80991674  .00000043  00000-0  00000+0 0  9889
2 28187   0.0712  15.2869 0005350 238.7639 121.0106  1.00273583 39372
DIRECTV 7S              
1 28238U 04016A   14341.57377635 -.00000004  00000-0  00000+0 0  1839
2 28238   0.0207 351.9464 0003073 262.2228 269.5836  1.00271782 38876
AMC-11 (GE-11)          
1 28252U 04017A   14342.42662897  .00000064  00000-0  00000+0 0  7783
2 28252   0.0176 347.1072 0003064 282.7953 189.7781  1.00272015 38604
INTELSAT 10-02          
1 28358U 04022A   14341.80972617 -.00000016  00000-0  10000-3 0  9663
2 28358   0.0073 271.5224 0001058   1.4827  94.0144  1.00271796 38429
APSTAR 5 (TELSTAR 18)   
1 28364U 04024A   14341.65450686 -.00000299  00000-0  00000+0 0   638
2 28364   0.0195  37.0659 0002243 197.6498 215.2557  1.00271545 38367
ANIK F2                 
1 28378U 04027A   14341.66577885 -.00000055  00000-0  10000-3 0  7326
2 28378   0.0226 350.7954 0000091  71.1811 142.9783  1.00272093 38146
AMAZONAS 1              
1 28393U 04031A   14341.36863078 -.00000291  00000-0  00000+0 0  5715
2 28393   0.0011 325.3538 0002039 293.0149 255.0145  1.00274173 37917
AMC-15                  
1 28446U 04041A   14342.56791931 -.00000093  00000-0  10000-3 0  1885
2 28446   0.0113 345.1006 0002182 269.7954 281.7522  1.00271712 37193
FENGYUN 2C              
1 28451U 04042A   14341.79632542 -.00000368  00000-0  10000-3 0  1838
2 28451   5.7813  57.4170 0000447 244.1318 184.8693  1.00278087 37101
AMC-16                  
1 28472U 04048A   14342.45725795 -.00000211  00000-0  10000-3 0  1268
2 28472   0.0178 352.1341 0002857 268.9797 255.6366  1.00271852 36615
NSS-10 (AMC-12)         
1 28526U 05003A   14342.29398275 -.00000255  00000-0  10000-3 0  5623
2 28526   0.0194 334.3639 0003519 271.7273 259.3131  1.00271643 36116
XTAR-EUR                
1 28542U 05005A   14342.16155611  .00000146  00000-0  00000+0 0  6325
2 28542   0.0160  27.4657 0002698 232.6289 263.9056  1.00271773 35971
HIMAWARI-6 (MTSAT-1R)   
1 28622U 05006A   14341.82570361 -.00000286  00000-0  00000+0 0  3266
2 28622   0.0646 130.4193 0003074 170.4689 212.7922  1.00271398 35800
XM-3 (RHYTHM)           
1 28626U 05008A   14341.55951330 -.00000211  00000-0  10000-3 0  7819
2 28626   0.0159 211.0905 0000168 260.6168  80.8873  1.00273270 35850
INMARSAT 4-F1           
1 28628U 05009A   14342.63163394 -.00000265  00000-0  10000-3 0  7591
2 28628   2.7362 359.1245 0003529 258.2871 190.7908  1.00271069 35489
EXPRESS-AM2             
1 28629U 05010A   14341.79469693 -.00000142  00000-0  10000-3 0  7067
2 28629   0.4528  83.5839 0000576 350.4576   8.5366  1.00271769 35506
APSTAR 6                
1 28638U 05012A   14341.96065005 -.00000323  00000-0  00000+0 0   550
2 28638   0.0123 354.3129 0002625 260.4135 301.7687  1.00273438 60206
SPACEWAY 1              
1 28644U 05015A   14340.61224650 -.00000108  00000-0  00000+0 0   544
2 28644   0.0493 147.4810 0000058 348.6672  56.6568  1.00271385 35298
DIRECTV 8               
1 28659U 05019A   14342.14161516 -.00000120  00000-0  00000+0 0  1168
2 28659   0.0045 327.1441 0003378 271.7650 148.0433  1.00271199 34989
GALAXY 28 (G-28)        
1 28702U 05022A   14342.27132978 -.00000190  00000-0  00000+0 0  8518
2 28702   0.0098 350.1004 0001875 196.0336 259.4995  1.00270636 34689
EXPRESS-AM3             
1 28707U 05023A   14341.65785066 -.00000327  00000-0  00000+0 0  5099
2 28707   0.0046 152.8749 0001548 156.8704 106.4184  1.00269757 34649
THAICOM 4               
1 28786U 05028A   14339.86253914 -.00000369  00000-0  00000+0 0  5842
2 28786   0.0263 312.7290 0002892 279.1707 272.6863  1.00271676 34115
GALAXY 14 (G-14)        
1 28790U 05030A   14341.39917036  .00000031  00000-0  10000-3 0  9162
2 28790   0.0149 359.5370 0002562 251.5887 203.6517  1.00272082 34097
ANIK F1R                
1 28868U 05036A   14341.56215275 -.00000080  00000-0  00000+0 0  7257
2 28868   0.0196  12.5667 0001484 271.3669 247.3986  1.00271833 33941
GALAXY 15 (G-15)        
1 28884U 05041A   14340.39209150  .00000072  00000-0  00000+0 0  8695
2 28884   0.0137 351.4492 0002307 274.7506 177.0623  1.00272579 33458
SYRACUSE 3A             
1 28885U 05041B   14339.89935622  .00000122  00000-0  00000+0 0  6839
2 28885   0.0163   7.8190 0002825 231.9075 205.6982  1.00275055 33566
INMARSAT 4-F2           
1 28899U 05044A   14340.02646078  .00000129  00000-0  00000+0 0  5946
2 28899   2.4128 358.9541 0003036 250.1157 220.2997  1.00274078 33289
TELKOM 2                
1 28902U 05046A   14341.78045060 -.00000368  00000-0  00000+0 0  7107
2 28902   0.0357 136.6098 0001802 118.2248 220.5931  1.00269514 33138
SPACEWAY 2              
1 28903U 05046B   14342.14161516 -.00000131  00000-0  00000+0 0  8912
2 28903   0.0384 151.3609 0000109 101.2068 136.1154  1.00271809 33298
INSAT-4A                
1 28911U 05049A   14341.93469240 -.00000170  00000-0  00000+0 0  6714
2 28911   0.0545  88.8157 0008614 168.9031 238.3802  1.00270746 32885
METEOSAT-9 (MSG-2)      
1 28912U 05049B   14342.30185553  .00000059  00000-0  00000+0 0  3788
2 28912   0.5105  38.4976 0001935 198.5773 317.9850  1.00277392 32896
EUTELSAT 172A (GE-23)   
1 28924U 05052A   14342.55448914 -.00000010  00000-0  10000-3 0  8424
2 28924   0.0640 339.1497 0006238 277.0473 192.6452  1.00271894 32783
ECHOSTAR 10             
1 28935U 06003A   14341.62796910 -.00000061  00000-0  10000-3 0   778
2 28935   0.0235   7.9383 0001384 237.5895 306.6522  1.00270995 32309
HIMAWARI-7 (MTSAT-2)    
1 28937U 06004A   14340.34383795 -.00000249  00000-0  00000+0 0  7637
2 28937   0.0409  76.4080 0003177 172.3771  95.0733  1.00271948 32199
SPAINSAT                
1 28945U 06007A   14342.31426123 -.00000221  00000-0  00000+0 0  5583
2 28945   0.0258 249.3353 0006813 354.1420 276.6469  1.00272297 32040
EUTELSAT 9A             
1 28946U 06007B   14342.30185553  .00000057  00000-0  10000-3 0  6258
2 28946   0.0828  81.9962 0006323 191.7066 280.9358  1.00272031 32105
JCSAT-5A                
1 29045U 06010A   14340.85637860 -.00000334  00000-0  10000-3 0  6219
2 29045   0.0111 337.6468 0002133 286.0272 252.2297  1.00272073 31722
ASTRA 1KR               
1 29055U 06012A   14341.78308000  .00000115  00000-0  00000+0 0  2033
2 29055   0.0416 288.3798 0005074 317.8107 131.3771  1.00272302 31589
GOES 13                 
1 29155U 06018A   14341.32186578 -.00000256  00000-0  00000+0 0  4505
2 29155   0.1842  96.8838 0001196  37.7026 342.5361  1.00276756 31308
EUTELSAT 113 WEST A     
1 29162U 06020A   14340.39264797 -.00000044  00000-0  00000+0 0  5924
2 29162   0.0066 124.9031 0002532 130.9742 207.5781  1.00271817 31250
THAICOM 5               
1 29163U 06020B   14341.79710439 -.00000127  00000-0  10000-3 0  8738
2 29163   0.0350 280.9254 0007548 345.6872 175.3342  1.00271774 31323
GALAXY 16 (G-16)        
1 29236U 06023A   14339.41634223 -.00000133  00000-0  10000-3 0  8887
2 29236   0.0556 117.7811 0002624 124.0547 243.1664  1.00270663 31031
EUTELSAT HOT BIRD 13B   
1 29270U 06032A   14341.99449014  .00000082  00000-0  00000+0 0  5450
2 29270   0.0774  21.5826 0005285 271.5111 154.6042  1.00274185 30656
JCSAT-3A                
1 29272U 06033A   14340.88013212 -.00000351  00000-0  10000-3 0  6509
2 29272   0.0114 332.3214 0002099 301.0742 247.0390  1.00271678 30544
SYRACUSE 3B             
1 29273U 06033B   14340.21776918 -.00000050  00000-0  10000-3 0  5455
2 29273   0.0119  26.9599 0005572 221.6040 259.5527  1.00271160 30523
KOREASAT 5 (MUGUNGWHA 5)
1 29349U 06034A   14340.53233260 -.00000364  00000-0  10000-3 0  6665
2 29349   0.0064  12.9056 0002528 168.0037 199.0302  1.00270095 30421
ZHONGXING-22A           
1 29398U 06038A   14341.90039975 -.00000322  00000-0  00000+0 0  4726
2 29398   4.1262  64.0993 0005407 170.2890 267.8765  1.00272917 30218
DIRECTV 9S              
1 29494U 06043A   14341.56349630 -.00000120  00000-0  00000+0 0  7744
2 29494   0.0176 273.3390 0003725 339.1189 285.5599  1.00272072 29894
OPTUS D1                
1 29495U 06043B   14341.38599770 -.00000116  00000-0  10000-3 0  6612
2 29495   0.0127 343.8234 0003077 259.2089 132.0036  1.00271151 29936
XM-4 (BLUES)            
1 29520U 06049A   14342.24504454 -.00000028  00000-0  00000+0 0  4006
2 29520   0.0227 170.6235 0000094 134.6724 104.6256  1.00273201 29804
BADR-4                  
1 29526U 06051A   14339.19054161  .00000138  00000-0  10000-3 0  7391
2 29526   0.0502 320.6264 0006116 314.2333 253.6660  1.00274081 29652
FENGYUN 2D              
1 29640U 06053A   14341.90966088 -.00000210  00000-0  10000-3 0  1747
2 29640   2.7073  69.1653 0001209 150.6367 271.2877  1.00272751 29350
WILDBLUE-1              
1 29643U 06054A   14341.66577858 -.00000055  00000-0  10000-3 0  3588
2 29643   0.0215  58.6361 0001989 200.0486 306.1767  1.00272099 29337
AMC-18                  
1 29644U 06054B   14341.55004503 -.00000095  00000-0  10000-3 0  7756
2 29644   0.0384  24.9292 0002711 216.8090 287.5696  1.00271406 29349
MEASAT-3                
1 29648U 06056A   14341.01944119 -.00000248  00000-0  00000+0 0  5314
2 29648   0.0539 136.8260 0002555  87.5918 309.7866  1.00273518 29354
KIKU-8 (ETS-VIII)       
1 29656U 06059A   14342.60778733 -.00000245  00000-0  00000+0 0  5675
2 29656   3.8637  65.3005 0005278 199.0050 177.5091  1.00270358 29245
INSAT-4B                
1 30793U 07007A   14342.61162772 -.00000262  00000-0  10000-3 0  3542
2 30793   0.0327 271.9648 0007081 349.6963 129.3057  1.00270016 28384
SKYNET 5A               
1 30794U 07007B   14341.11499264  .00000035  00000-0  00000+0 0  3942
2 30794   0.0730 350.9820 0003454 246.3594 245.8286  1.00273514 28492
ANIK F3                 
1 31102U 07009A   14341.57386497 -.00000007  00000-0  00000+0 0  6247
2 31102   0.0008 344.6245 0001935 274.3834 265.1317  1.00271910 28123
ASTRA 1L                
1 31306U 07016A   14342.11051064  .00000115  00000-0  00000+0 0  9164
2 31306   0.0623 309.8400 0005240 319.2846 226.6370  1.00271902 27854
GALAXY 17 (G-17)        
1 31307U 07016B   14342.48953375 -.00000179  00000-0  00000+0 0  5315
2 31307   0.0145 341.3458 0003274 279.1108 261.9452  1.00272403 27870
ZHONGXING-6B            
1 31800U 07031A   14341.90216078 -.00000367  00000-0  10000-3 0  1420
2 31800   0.0062  12.5020 0004095 244.9630 259.4324  1.00270468 27262
DIRECTV 10              
1 31862U 07032A   14341.32112635 -.00000109  00000-0  10000-3 0  5775
2 31862   0.0568 129.7239 0000166  61.8935 257.1919  1.00271404 27191
SPACEWAY 3              
1 32018U 07036A   14342.57342615 -.00000156  00000-0  10000-3 0  4696
2 32018   0.0306 156.6913 0000322  66.0823 325.9545  1.00271553 26924
BSAT-3A                 
1 32019U 07036B   14341.46662899 -.00000356  00000-0  10000-3 0  6260
2 32019   0.0297 225.0183 0005156  19.9941 108.9824  1.00269789 26840
INSAT-4CR               
1 32050U 07037A   14342.54831869 -.00000082  00000-0  00000+0 0  2910
2 32050   0.0317 264.6226 0007084 355.4033  88.5844  1.00271887 26642
OPTUS D2                
1 32252U 07044A   14341.59354912 -.00000189  00000-0  00000+0 0  5679
2 32252   0.0051 344.5052 0003512 265.8783 191.5615  1.00269820 26278
INTELSAT 11 (IS-11)     
1 32253U 07044B   14341.94266413 -.00000274  00000-0  10000-3 0  2708
2 32253   0.0190 271.5784 0003067 342.3213 119.0865  1.00271040 26323
STAR ONE C1             
1 32293U 07056A   14342.32257752 -.00000281  00000-0  00000+0 0  3326
2 32293   0.0473 275.7731 0002491 335.8493 236.5240  1.00271096 25946
SKYNET 5B               
1 32294U 07056B   14340.14469006  .00000133  00000-0  00000+0 0  4250
2 32294   0.0649 358.1359 0004093 245.5612 267.6081  1.00274362 26010
ASTRA 4A (SIRIUS 4)     
1 32299U 07057A   14339.25698525  .00000026  00000-0  00000+0 0  2345
2 32299   0.0360  64.7809 0002740 198.1327 268.3837  1.00273233 25739
HORIZONS-2              
1 32388U 07063B   14341.08287837 -.00000188  00000-0  10000-3 0  4432
2 32388   0.0096 326.0175 0002657 292.0705 292.3744  1.00271215 25669
THURAYA-3               
1 32404U 08001A   14342.61119360 -.00000308  00000-0  10000-3 0  5782
2 32404   4.4627 345.6958 0005343 262.0495 148.2155  1.00271512 25339
EXPRESS-AM33            
1 32478U 08003A   14342.03292186 -.00000285  00000-0  10000-3 0  9653
2 32478   0.0220 282.9600 0001540  61.1361 200.9534  1.00269556 25425
THOR 5                  
1 32487U 08006A   14341.11483256 -.00000015  00000-0  10000-3 0  4111
2 32487   0.0292 255.2618 0002328   2.6198 218.5278  1.00272141 24972
KIZUNA (WINDS)          
1 32500U 08007A   14338.80155024 -.00000265  00000-0  00000+0 0  2670
2 32500   0.0545 275.4888 0003255 339.8808 249.7294  1.00271027 24836
AMC-14                  
1 32708U 08011A   14340.90504738  .00000135  00000-0  00000+0 0  4755
2 32708  17.3526  77.7602 0043248   1.4185 351.7132  1.00274645 25902
DIRECTV 11              
1 32729U 08013A   14339.41634238 -.00000132  00000-0  00000+0 0  5190
2 32729   0.0244 162.0913 0000202 338.2445 344.4566  1.00270836 24702
ICO G1                  
1 32763U 08016A   14339.60796877 -.00000180  00000-0  00000+0 0  4057
2 32763   4.2316 345.4294 0003698 267.6025 307.3179  1.00271079 24298
VINASAT-1               
1 32767U 08018A   14341.88704500 -.00000333  00000-0  10000-3 0  3894
2 32767   0.0106 350.2172 0002137 278.0692 259.5735  1.00271797 24399
STAR ONE C2             
1 32768U 08018B   14340.23457410 -.00000271  00000-0  00000+0 0  2679
2 32768   0.0123   3.3124 0001656 236.4516 209.6244  1.00268731 24362
TIANLIAN 1-01           
1 32779U 08019A   14341.89085345 -.00000141  00000-0  10000-3 0  9532
2 32779   0.9318  80.2229 0036831 208.5653 188.4582  1.00268923 24265
AMOS-3                  
1 32794U 08022A   14340.20253498 -.00000041  00000-0  00000+0 0  2057
2 32794   0.0058 261.8668 0001692 331.5836 270.3476  1.00272012 24228
GALAXY 18 (G-18)        
1 32951U 08024A   14342.11377361  .00000020  00000-0  00000+0 0  1518
2 32951   0.0201  27.9815 0003027 210.9388 115.8351  1.00272070 23941
CHINASAT 9 (ZX 9)       
1 33051U 08028A   14341.89460005 -.00000252  00000-0  00000+0 0  9736
2 33051   0.0122 312.6738 0003774 320.9561 217.1934  1.00270276 23812
SKYNET 5C               
1 33055U 08030A   14341.17724043 -.00000145  00000-0  00000+0 0   854
2 33055   0.0680 346.4604 0004332 259.3770 236.0085  1.00272054 23756
TURKSAT 3A              
1 33056U 08030B   14342.17357356  .00000141  00000-0  00000+0 0  3347
2 33056   0.0631 135.9386 0004439 104.7469 300.6392  1.00273748 23870
INTELSAT 25 (IS-25)     
1 33153U 08034A   14341.32289487 -.00000230  00000-0  00000+0 0  1881
2 33153   0.0105 312.9073 0002310 271.6165 296.2234  1.00270129 23490
BADR-6                  
1 33154U 08034B   14341.90606450  .00000139  00000-0  00000+0 0  4238
2 33154   0.0702  32.0425 0002801 257.9530 138.7494  1.00274104 23566
ECHOSTAR 11             
1 33207U 08035A   14342.46300649 -.00000062  00000-0  10000-3 0  5211
2 33207   0.0177 358.1400 0003287 256.5899 239.1088  1.00272437 23458
SUPERBIRD-C2            
1 33274U 08038A   14342.23285031 -.00000256  00000-0  10000-3 0  5259
2 33274   0.0054  11.1977 0001488 238.5598  54.9424  1.00270929 23178
AMC-21                  
1 33275U 08038B   14340.39232019  .00000029  00000-0  10000-3 0  3988
2 33275   0.0121 333.4754 0002067 270.7807 207.1931  1.00273476 23245
INMARSAT 4-F3           
1 33278U 08039A   14340.99342308 -.00000146  00000-0  00000+0 0  9994
2 33278   3.0049 352.6815 0003055 254.9087  87.7385  1.00270882 23088
NIMIQ 4                 
1 33373U 08044A   14340.24179545 -.00000227  00000-0  00000+0 0  1087
2 33373   0.0032 215.9970 0002636  28.5913 195.4190  1.00271756 22725
GALAXY 19 (G-19)        
1 33376U 08045A   14341.53393749 -.00000145  00000-0  00000+0 0  2145
2 33376   0.0176   9.2300 0002943 242.4244 279.7760  1.00270761 22705
VENESAT-1               
1 33414U 08055A   14341.50793051 -.00000243  00000-0  00000+0 0  5889
2 33414   0.0260 221.2355 0002176  36.0456 283.7357  1.00269328 22421
ASTRA 1M                
1 33436U 08057A   14341.21872029  .00000114  00000-0  00000+0 0  4432
2 33436   0.0484  79.7690 0003238 125.2423 328.8242  1.00273631 22297
CIEL-2                  
1 33453U 08063A   14342.32096146  .00000053  00000-0  10000-3 0  2197
2 33453   0.0172 350.8963 0002543 259.6908 173.1141  1.00273418 21969
EUTELSAT HOT BIRD 13C   
1 33459U 08065A   14341.22590750  .00000081  00000-0  00000+0 0  2436
2 33459   0.0697  54.7967 0002372 207.8579 267.5860  1.00273345 22034
EUTELSAT 48D            
1 33460U 08065B   14342.11116620  .00000119  00000-0  00000+0 0  1832
2 33460   0.0447 338.8084 0002425 274.3945 271.7132  1.00273896 21905
FENGYUN 2E              
1 33463U 08066A   14342.58607587 -.00000337  00000-0  10000-3 0  7063
2 33463   2.2553  57.9348 0000953 244.8142  89.8569  1.00279329 21894
EXPRESS-AM44            
1 33595U 09007A   14341.35608269 -.00000095  00000-0  00000+0 0  6725
2 33595   0.0229 307.9120 0001524  14.6800 230.6474  1.00271079 21346
NSS-9                   
1 33749U 09008A   14340.51290718  .00000065  00000-0  10000-3 0  2648
2 33749   0.0180 352.5443 0002049 246.9426 203.3705  1.00272992 21343
EUTELSAT HOT BIRD 13D   
1 33750U 09008B   14341.22590750  .00000081  00000-0  00000+0 0  4216
2 33750   0.0357   1.3143 0006552 261.1557 267.7878  1.00274075 21387
TELSTAR 11N             
1 34111U 09009A   14342.29391711 -.00000256  00000-0  10000-3 0  2266
2 34111   0.0080 330.7731 0002234 277.7450 256.7217  1.00271305 21212
RADUGA-1 8              
1 34264U 09010A   14341.81002346  .00000069  00000-0  10000-3 0  6879
2 34264   3.9081  78.8471 0000845 179.4061 121.2166  1.00269440 21134
EUTELSAT 10A            
1 34710U 09016A   14341.80999297  .00000063  00000-0  00000+0 0  2314
2 34710   0.0629 350.3068 0005691 269.3508 118.4170  1.00271412 20791
SES-7 (PROTOSTAR 2)     
1 34941U 09027A   14341.96551519 -.00000350  00000-0  00000+0 0  3737
2 34941   0.0630  62.2861 0002981 204.2186 265.9858  1.00270479 20421
MEASAT-3A               
1 35362U 09032A   14339.05390709 -.00000249  00000-0  00000+0 0  1061
2 35362   0.0299 203.2836 0003667  53.7690 287.6423  1.00271168 20007
GOES 14                 
1 35491U 09033A   14342.59597017 -.00000085  00000-0  00000+0 0  7513
2 35491   0.1649 263.5947 0012739 308.7576 333.2325  1.00266258 19964
SIRIUS FM-5             
1 35493U 09034A   14339.53315394 -.00000152  00000-0  00000+0 0   194
2 35493   0.0062 341.4459 0000723 292.3668 256.3889  1.00271200 19860
TERRESTAR-1             
1 35496U 09035A   14342.44651769 -.00000061  00000-0  00000+0 0  2833
2 35496   3.7059 330.9846 0003118 272.0639 243.8310  1.00272383 19959
ASIASAT 5               
1 35696U 09042A   14342.02960171 -.00000312  00000-0  10000-3 0  5610
2 35696   0.0572 107.9580 0001487 114.1989 325.7022  1.00270379 19480
JCSAT-RA (JCSAT-12)     
1 35755U 09044A   14340.88013193 -.00000351  00000-0  10000-3 0  1241
2 35755   0.0582  39.3231 0001263 228.1428 252.8990  1.00272052 19444
OPTUS D3                
1 35756U 09044B   14341.82475049 -.00000152  00000-0  00000+0 0  2312
2 35756   0.0532  22.5237 0003525 243.0445 263.8745  1.00271352 19428
PALAPA D                
1 35812U 09046A   14341.88913704 -.00000363  00000-0  10000-3 0  1585
2 35812   0.0268  42.2966 0001679 223.2480 244.0895  1.00271271 19474
NIMIQ 5                 
1 35873U 09050A   14342.47940162 -.00000262  00000-0  10000-3 0  1017
2 35873   0.0545  92.7969 0002766 144.6940 299.5538  1.00271091 19162
AMAZONAS 2              
1 35942U 09054A   14342.33766672 -.00000287  00000-0  00000+0 0  1422
2 35942   0.0599 126.7622 0003440  94.7207 276.1025  1.00273577 19009
COMSATBW-1              
1 35943U 09054B   14341.74256537  .00000019  00000-0  10000-3 0   887
2 35943   0.0443  91.1182 0003102 174.5280 141.0964  1.00273612 19054
NSS-12                  
1 36032U 09058A   14341.89741703  .00000066  00000-0  00000+0 0   226
2 36032   0.0217  14.6062 0003456 234.1426 207.9121  1.00273012 18743
THOR 6                  
1 36033U 09058B   14341.80972617 -.00000015  00000-0  10000-3 0  1779
2 36033   0.0333  92.9700 0002322 179.4170  94.7577  1.00272676 18763
INTELSAT 14 (IS-14)     
1 36097U 09064A   14341.94273788 -.00000279  00000-0  00000+0 0   488
2 36097   0.0298 290.3678 0002453 334.0172 106.6382  1.00272085 18498
EUTELSAT 36B            
1 36101U 09065A   14342.11089178  .00000150  00000-0  10000-3 0  1565
2 36101   0.0625 350.8588 0004939 269.3229 252.4312  1.00270658 18604
INTELSAT 15 (IS-15)     
1 36106U 09067A   14341.08287837 -.00000191  00000-0  10000-3 0  2331
2 36106   0.0097 318.9340 0002644 307.9881 283.8420  1.00271684 18380
DIRECTV 12              
1 36131U 09075A   14342.32696500 -.00000108  00000-0  00000+0 0  3690
2 36131   0.0536 143.6545 0000213  15.1265 293.1687  1.00271266 18183
BEIDOU G1               
1 36287U 10001A   14341.82772676 -.00000289  00000-0  10000-3 0  4614
2 36287   1.5762   3.2952 0005333 220.1004 291.1277  1.00275173 17961
RADUGA-1M 2             
1 36358U 10002A   14341.95352454 -.00000189  00000-0  10000-3 0  4435
2 36358   0.0071 318.8807 0002705 323.4543 222.5635  1.00272329 17805
SDO                     
1 36395U 10005A   14342.02865780 -.00000033  00000-0  00000+0 0   887
2 36395  28.0153 157.2560 0001934 178.1200   9.7833  1.00272497 17830
INTELSAT 16 (IS-16)     
1 36397U 10006A   14339.35027314 -.00000241  00000-0  00000+0 0   189
2 36397   0.0161 343.3863 0002043 265.2528 232.5390  1.00272508 17576
GOES 15                 
1 36411U 10008A   14342.62523824  .00000086  00000-0  00000+0 0  3964
2 36411   0.2073 260.8042 0002576 344.0296 282.1956  1.00268163 17489
ECHOSTAR 14             
1 36499U 10010A   14341.57386497 -.00000005  00000-0  00000+0 0  5570
2 36499   0.0140 307.7175 0002413 306.4340 269.8197  1.00271371 17325
SES-1                   
1 36516U 10016A   14341.56358491 -.00000120  00000-0  00000+0 0  1381
2 36516   0.0139 351.0342 0002214 280.5371 266.5669  1.00271768 16929
ASTRA 3B                
1 36581U 10021A   14340.02646078  .00000130  00000-0  00000+0 0  9333
2 36581   0.0595 327.9738 0002818 254.0288 245.7330  1.00269813 16631
COMSATBW-2              
1 36582U 10021B   14339.95436132  .00000081  00000-0  00000+0 0   866
2 36582   0.0134 293.1819 0002771 333.9554 164.2507  1.00270885 16762
BEIDOU G3               
1 36590U 10024A   14342.41301003 -.00000359  00000-0  10000-3 0  3071
2 36590   1.3736  20.6178 0003354 286.1628  29.3859  1.00264183 16577
BADR-5                  
1 36592U 10025A   14341.22620758  .00000139  00000-0  00000+0 0  8821
2 36592   0.0046  55.2251 0004562 161.3971 326.7112  1.00272735 16705
COMS 1                  
1 36744U 10032A   14341.78979855 -.00000349  00000-0  10000-3 0   207
2 36744   0.0378  38.5180 0000996 217.4626 233.0625  1.00272773 16446
ARABSAT-5A              
1 36745U 10032B   14341.96995502  .00000148  00000-0  00000+0 0  8923
2 36745   0.0533 350.2339 0003408 263.7917 202.3065  1.00269877 16468
ECHOSTAR 15             
1 36792U 10034A   14342.38316289 -.00000278  00000-0  10000-3 0   228
2 36792   0.0223 348.4042 0002677 287.7878 253.7143  1.00272886 16196
BEIDOU IGSO 1           
1 36828U 10036A   14341.88326400 -.00000083  00000-0  10000-3 0  1933
2 36828  54.3562 202.6636 0036030 201.1186 109.4456  1.00293284 16005
NILESAT 201             
1 36830U 10037A   14341.22994584 -.00000063  00000-0  10000-3 0  9946
2 36830   0.0645 147.3118 0005673  79.5810 284.8092  1.00271692 16078
RASCOM-QAF 1R           
1 36831U 10037B   14342.02374792  .00000013  00000-0  10000-3 0  9695
2 36831   0.0086 337.4845 0004972 276.1230 194.5456  1.00271674 16081
CHINASAT 6A (ZX 6A)     
1 37150U 10042A   14341.96837898 -.00000359  00000-0  10000-3 0  2450
2 37150   0.0525 193.8038 0001201 262.5411  93.9845  1.00266935 15700
XM-5                    
1 37185U 10053A   14342.45431225 -.00000210  00000-0  10000-3 0   666
2 37185   0.0183 295.2029 0001810  80.0572 140.2172  1.00272615 15242
BSAT-3B                 
1 37207U 10056B   14341.01719589 -.00000356  00000-0  00000+0 0  2643
2 37207   0.0525 330.8964 0005129 314.8266 266.0308  1.00269469 15067
BEIDOU G4               
1 37210U 10057A   14342.38543983 -.00000117  00000-0  10000-3 0  1405
2 37210   0.7113  41.1509 0008995 173.0384 161.5403  1.00273451 15104
SKYTERRA 1              
1 37218U 10061A   14342.54524860 -.00000123  00000-0  10000-3 0   832
2 37218   4.3363 323.9011 0006199 198.7256   9.5787  1.00271905 15023
ZHONGXING-20A           
1 37234U 10064A   14341.82114668 -.00000343  00000-0  00000+0 0  1519
2 37234   0.0356 265.3768 0003404  50.6084 186.1160  1.00269076 14825
HYLAS 1                 
1 37237U 10065A   14342.29502259 -.00000238  00000-0  10000-3 0  9563
2 37237   0.0468  35.8315 0002066 226.9343 246.9245  1.00271677 14806
INTELSAT 17 (IS-17)     
1 37238U 10065B   14342.03846433 -.00000007  00000-0  00000+0 0  8660
2 37238   0.0012 349.6469 0003294 261.5400 265.3802  1.00271464 14775
BEIDOU IGSO 2           
1 37256U 10068A   14342.52741866 -.00000241  00000-0  10000-3 0  1085
2 37256  54.1937 321.9355 0033132 206.0640 216.0672  1.00300148 14604
EUTELSAT KA-SAT 9A      
1 37258U 10069A   14342.11027432  .00000057  00000-0  10000-3 0   734
2 37258   0.0257 309.9254 0001788 314.2799 221.2773  1.00271576 14617
HISPASAT 1E             
1 37264U 10070A   14341.35855957 -.00000222  00000-0  00000+0 0   537
2 37264   0.0619 117.1351 0004133 105.4499 312.5651  1.00271588 14451
KOREASAT 6              
1 37265U 10070B   14341.90216196 -.00000367  00000-0  00000+0 0   838
2 37265   0.0472 159.4003 0001645 116.1360 241.8423  1.00272022 14481
ELEKTRO-L 1 (GOMS 2)    
1 37344U 11001A   14341.79921030 -.00000101  00000-0  00000+0 0  1611
2 37344   0.5841  80.8326 0001183 202.0580 157.3091  1.00264929 14260
BEIDOU IGSO 3           
1 37384U 11013A   14341.97114407 -.00000194  00000-0  10000-3 0   469
2 37384  56.7206  82.6332 0025982 187.6483 274.2362  1.00258284 13471
INTELSAT NEW DAWN       
1 37392U 11016A   14341.67037722  .00000150  00000-0  10000-3 0  8797
2 37392   0.0121  16.8788 0002700 304.5800  29.0360  1.00274051 13326
YAHSAT 1A               
1 37393U 11016B   14341.11605223  .00000095  00000-0  10000-3 0   255
2 37393   0.0035 288.7723 0002894 330.7942 270.5313  1.00273773 13367
TELSTAR 14R             
1 37602U 11021A   14341.94242950 -.00000285  00000-0  00000+0 0  7141
2 37602   0.0401  42.6277 0002850 195.5078 114.7569  1.00270358 13646
GSAT-8                  
1 37605U 11022A   14340.58984203  .00000078  00000-0  10000-3 0  9627
2 37605   0.0024 333.1180 0009258 281.5688  88.0419  1.00273085 13022
ST-2                    
1 37606U 11022B   14341.90750208 -.00000217  00000-0  10000-3 0  9098
2 37606   0.0058  16.8174 0002200 242.3916 232.0932  1.00270965 13055
CHINASAT 10 (ZX 10)     
1 37677U 11026A   14342.02731204 -.00000357  00000-0  10000-3 0   646
2 37677   0.0450  70.0259 0005325 137.8116 349.2333  1.00270587 12769
TIANLIAN 1-02           
1 37737U 11032A   14342.54372027 -.00000053  00000-0  10000-3 0  9890
2 37737   0.7120  81.2903 0032934 184.2514 174.4287  1.00270211 12525
GSAT-12                 
1 37746U 11034A   14341.93469231 -.00000170  00000-0  10000-3 0  8527
2 37746   0.0483 263.9500 0003916 239.2794 352.8680  1.00271542 12764
SES-3                   
1 37748U 11035A   14342.52754829 -.00000106  00000-0  00000+0 0  9307
2 37748   0.0125 316.5690 0003178 305.1257 262.4215  1.00271636 12495
KAZSAT-2                
1 37749U 11035B   14342.55019301 -.00000203  00000-0  00000+0 0  7575
2 37749   0.0142 252.1842 0000460  19.2037  90.4273  1.00273553 12470
BEIDOU IGSO 4           
1 37763U 11038A   14341.89202894 -.00000031  00000-0  10000-3 0  8712
2 37763  54.6740 204.8800 0031082 196.8036  92.0065  1.00277434 12433
ASTRA 1N                
1 37775U 11041A   14341.21872029  .00000114  00000-0  00000+0 0  7971
2 37775   0.0703  21.3062 0002119 290.3751 222.1676  1.00273152 12230
BSAT-3C (JCSAT-110R)    
1 37776U 11041B   14341.91289147 -.00000356  00000-0  00000+0 0  9669
2 37776   0.0302  35.6944 0000324 311.7937 167.7360  1.00271720 12337
PAKSAT-1R               
1 37779U 11042A   14340.65706196  .00000148  00000-0  00000+0 0  7049
2 37779   0.0633 112.3300 0003968 124.8759 112.6956  1.00271611 12179
CHINASAT 1A (ZX 1A)     
1 37804U 11047A   14341.73519728 -.00000343  00000-0  10000-3 0  9715
2 37804   0.0541 101.3340 0003038 184.5825 185.0198  1.00271680 11888
COSMOS 2473             
1 37806U 11048A   14341.79499787 -.00000141  00000-0  10000-3 0  9420
2 37806   0.0784  79.5158 0001686 237.5221 125.5895  1.00271957 11866
SES-2                   
1 37809U 11049A   14342.50561308 -.00000201  00000-0  10000-3 0  7013
2 37809   0.0188   5.2770 0003331 249.6240 277.3051  1.00271718 11828
ARABSAT-5C              
1 37810U 11049B   14341.11532043  .00000118  00000-0  00000+0 0  6486
2 37810   0.0657   2.1383 0004715 221.1391 274.0494  1.00274885 11818
EUTELSAT 7 WEST A       
1 37816U 11051A   14342.12177979 -.00000065  00000-0  10000-3 0  9086
2 37816   0.0680  14.5540 0004459 216.6549 242.1017  1.00271902 11769
QUETZSAT 1              
1 37826U 11054A   14342.26059057 -.00000247  00000-0  10000-3 0  7867
2 37826   0.0496  59.0665 0002994 197.1902 197.5036  1.00271183 11894
INTELSAT 18 (IS-18)     
1 37834U 11056A   14342.33436014  .00000049  00000-0  00000+0 0  7637
2 37834   0.0151 350.4913 0002438 252.2003 134.7194  1.00274087 11707
EUTELSAT 16A            
1 37836U 11057A   14341.14623147  .00000098  00000-0  10000-3 0  7856
2 37836   0.0719  14.0599 0005254 242.2229 248.1896  1.00272911 11613
VIASAT-1                
1 37843U 11059A   14340.61606799 -.00000030  00000-0  10000-3 0  6082
2 37843   0.0113  13.9335 0002762 243.6832 284.3828  1.00272356 12050
ASIASAT 7               
1 37933U 11069A   14341.73013573 -.00000339  00000-0  10000-3 0  8858
2 37933   0.0264  48.5046 0001637 182.6584 213.5854  1.00269152 11261
BEIDOU IGSO 5           
1 37948U 11073A   14341.90759917 -.00000178  00000-0  10000-3 0  8768
2 37948  54.2859 321.3825 0030560 207.9688 327.7878  1.00261551 11199
AMOS-5                  
1 37950U 11074A   14341.14623147  .00000103  00000-0  10000-3 0  6421
2 37950   0.0080 290.0798 0001469 231.2738 344.1233  1.00273072 11054
LUCH 5A                 
1 37951U 11074B   14342.33912383 -.00000048  00000-0  00000+0 0  8467
2 37951   2.5933 243.7006 0003506 358.9162 123.4418  1.00270618 10985
NIGCOMSAT 1R            
1 38014U 11077A   14339.19506377  .00000138  00000-0  00000+0 0  6178
2 38014   0.0662 104.9128 0002623 121.0948 320.6059  1.00272852 10862
FENGYUN 2F              
1 38049U 12002A   14341.89646274 -.00000361  00000-0  10000-3 0  8510
2 38049   0.2297 314.8174 0002139 228.2041 327.9629  1.00283092 10686
SES-4                   
1 38087U 12007A   14339.19785995 -.00000175  00000-0  00000+0 0  6168
2 38087   0.0184 333.6041 0001830 268.1071 241.4376  1.00271075 10302
BEIDOU G5               
1 38091U 12008A   14341.15363108  .00000051  00000-0  00000+0 0  8367
2 38091   0.9772  13.6840 0001414 200.0319 336.0920  1.00270930 10269
INTELSAT 22 (IS-22)     
1 38098U 12011A   14342.54989274 -.00000063  00000-0  10000-3 0  6345
2 38098   0.0208 346.3971 0002300 262.3258  98.5723  1.00272269  9918
APSTAR 7                
1 38107U 12013A   14341.53634451 -.00000107  00000-0  10000-3 0  8880
2 38107   0.0096   8.1205 0002684 238.0735  99.6183  1.00271473  9954
YAHSAT 1B               
1 38245U 12016A   14342.60047692  .00000122  00000-0  10000-3 0  7683
2 38245   0.0011 305.2611 0002629 308.8196  86.9700  1.00272749  9717
JCSAT-13                
1 38331U 12023A   14341.96837898 -.00000361  00000-0  10000-3 0  5853
2 38331   0.0116 341.8025 0002267 273.4397 294.0310  1.00271221  9412
VINASAT-2               
1 38332U 12023B   14341.83696676 -.00000334  00000-0  10000-3 0  6825
2 38332   0.0057 344.1065 0002477 279.3537 246.2131  1.00271737  9424
NIMIQ 6                 
1 38342U 12026A   14340.24540543 -.00000180  00000-0  00000+0 0  6514
2 38342   0.0351  56.1110 0002796 180.4651 195.6252  1.00271296  9371
CHINASAT 2A (ZX 2A)     
1 38352U 12028A   14342.41436647 -.00000297  00000-0  10000-3 0  7455
2 38352   0.0557 112.0357 0003960 188.3176  24.1472  1.00268657  9432
INTELSAT 19 (IS-19)     
1 38356U 12030A   14341.58480927 -.00000062  00000-0  00000+0 0  7331
2 38356   0.0210   7.6363 0003273 240.9172 204.2615  1.00272267  9315
ECHOSTAR 17             
1 38551U 12035A   14341.56319448 -.00000081  00000-0  00000+0 0  5856
2 38551   0.0078 349.2168 0002448 259.3710 283.3179  1.00271897  8913
METEOSAT-10 (MSG-3)     
1 38552U 12035B   14340.03113597 -.00000012  00000-0  00000+0 0  1754
2 38552   0.5104 155.2398 0000329 350.3575 300.0515  1.00267038  8997
SES-5                   
1 38652U 12036A   14342.30440041  .00000029  00000-0  00000+0 0  6049
2 38652   0.0669 272.7859 0002307 344.6891 294.0743  1.00272781  8863
TIANLIAN 1-03           
1 38730U 12040A   14341.81016067  .00000103  00000-0  10000-3 0  7143
2 38730   0.2523 269.7684 0005886 333.2926 141.8889  1.00273468  8785
INTELSAT 20 (IS-20)     
1 38740U 12043A   14340.90257672 -.00000031  00000-0  00000+0 0  6601
2 38740   0.0067 286.5726 0000766  26.7259 155.7377  1.00272337  8618
HYLAS 2                 
1 38741U 12043B   14342.23518409  .00000149  00000-0  10000-3 0  6040
2 38741   0.0394  85.9902 0002593 171.6514 294.9258  1.00271477  8644
INTELSAT 21 (IS-21)     
1 38749U 12045A   14342.06616838 -.00000290  00000-0  00000+0 0  5082
2 38749   0.0080 351.2424 0002550 266.3695 144.9524  1.00272580  8441
ASTRA 2F                
1 38778U 12051A   14342.16155611  .00000145  00000-0  00000+0 0  5324
2 38778   0.0089 254.6132 0004370 342.6569 285.9218  1.00273299  8088
GSAT-10                 
1 38779U 12051B   14341.93469213 -.00000170  00000-0  00000+0 0  6022
2 38779   0.0126 272.9317 0003167 321.2609 261.9509  1.00270935  8081
INTELSAT 23 (IS-23)     
1 38867U 12057A   14341.42787360 -.00000291  00000-0  00000+0 0  4725
2 38867   0.0340  70.5976 0001622 182.2964 284.2486  1.00269007  7903
BEIDOU G6               
1 38953U 12059A   14341.79499787 -.00000142  00000-0  10000-3 0  6683
2 38953   0.2635 296.7206 0003019 308.0437 197.9627  1.00270656  7843
LUCH 5B                 
1 38977U 12061A   14342.36928832 -.00000131  00000-0  00000+0 0  6407
2 38977   1.6789  83.6145 0005046 139.5954 330.8866  1.00270139  7975
YAMAL 300K              
1 38978U 12061B   14341.08121824 -.00000235  00000-0  10000-3 0  5973
2 38978   0.0181 277.8665 0000663 321.7009 315.5124  1.00270140  7659
STAR ONE C3             
1 38991U 12062A   14341.32185815 -.00000255  00000-0  10000-3 0  5305
2 38991   0.0491 112.2520 0002928 140.1652 224.4673  1.00270353  7645
EUTELSAT 21B            
1 38992U 12062B   14340.97780990  .00000124  00000-0  00000+0 0  5018
2 38992   0.0629 354.8241 0002628 262.6427 191.8086  1.00273343  7658
ECHOSTAR 16             
1 39008U 12065A   14341.18722000 -.00000288  00000-0  10000-3 0  4489
2 39008   0.0000 339.3186 0002707 277.0350 185.4186  1.00271004  7594
CHINASAT 12 (ZX 12)     
1 39017U 12067A   14341.83605049 -.00000212  00000-0  10000-3 0  6340
2 39017   0.0146  26.6356 0002898 226.3591 212.0071  1.00271372  7504
EUTELSAT 70B            
1 39020U 12069A   14341.90368394 -.00000049  00000-0  10000-3 0  8130
2 39020   0.0675  29.0196 0004417 204.0381 239.3522  1.00272007  7401
YAMAL 402               
1 39022U 12070A   14341.15423285  .00000080  00000-0  10000-3 0  6628
2 39022   0.0161 296.5678 0000503 228.4938  21.1968  1.00271789  7383
SKYNET 5D               
1 39034U 12075A   14341.77916753  .00000094  00000-0  10000-3 0  5579
2 39034   0.0677 349.0386 0004218 250.5274 170.1422  1.00273998  7311
MEXSAT 3                
1 39035U 12075B   14340.61606799 -.00000032  00000-0  10000-3 0  5739
2 39035   0.0101 235.7421 0002044  15.9691 290.5851  1.00271945  7252
TDRS 11                 
1 39070U 13004A   14341.70665432  .00000086  00000-0  00000+0 0  5194
2 39070   6.4384 330.3675 0010089 261.5326 287.9702  1.00280273  6820
AMAZONAS 3              
1 39078U 13006A   14341.18722000 -.00000288  00000-0  00000+0 0  5590
2 39078   0.0318 194.7927 0005591  45.7284 201.7707  1.00271897  6757
AZERSPACE 1             
1 39079U 13006B   14341.67271409  .00000127  00000-0  00000+0 0  4227
2 39079   0.0433  90.0999 0002871 186.9331  87.4909  1.00272467  6759
EUTELSAT 117 WEST A     
1 39122U 13012A   14342.10649103 -.00000018  00000-0  00000+0 0  4020
2 39122   0.0012 299.7563 0003384 313.8727 104.6872  1.00271522  6264
ANIK G1                 
1 39127U 13014A   14341.56327094 -.00000080  00000-0  00000+0 0  4959
2 39127   0.0179 283.1615 0002976 331.6638 276.9059  1.00271562  6054
CHINASAT 11 (ZX 11)     
1 39157U 13020A   14341.73284355 -.00000297  00000-0  00000+0 0  4950
2 39157   0.0522  75.5387 0001018 133.9128 228.8022  1.00273612  5942
EUTELSAT 7B             
1 39163U 13022A   14341.80991674  .00000043  00000-0  00000+0 0  4493
2 39163   0.0520  30.2374 0004313 279.9824  64.8557  1.00273972  5799
SES-6                   
1 39172U 13026A   14342.38069065 -.00000266  00000-0  00000+0 0  3937
2 39172   0.0186 358.3035 0001992 256.1287 279.1622  1.00270125  5549
IRNSS-1A                
1 39199U 13034A   14338.78695434  .00000132  00000-0  00000+0 0  3143
2 39199  27.5283 131.5490 0020944 178.0796 102.1910  1.00271092  5416
ALPHASAT                
1 39215U 13038A   14341.81036649  .00000135  00000-0  00000+0 0  3863
2 39215   0.6065  37.0042 0002461 192.9013 163.1473  1.00272114  5067
INSAT-3D                
1 39216U 13038B   14341.08319321 -.00000162  00000-0  00000+0 0  7195
2 39216   0.0391 253.5932 0001830 338.7426 315.4651  1.00270425  5089
EUTELSAT 25B            
1 39233U 13044A   14340.97570340  .00000137  00000-0  00000+0 0  3779
2 39233   0.0450 342.3251 0002043 279.8473 190.2292  1.00271080  4705
GSAT-7                  
1 39234U 13044B   14341.73421244 -.00000083  00000-0  00000+0 0  4078
2 39234   0.0869  88.6348 0010593 178.4392 147.6578  1.00271878  4696
AMOS-4                  
1 39237U 13045A   14341.02617054  .00000001  00000-0  00000+0 0  3629
2 39237   0.0139 329.8067 0002455 272.2664 268.0726  1.00272597  4670
ASTRA 2E                
1 39285U 13056A   14342.16155611  .00000145  00000-0  10000-3 0  4418
2 39285   0.0573 313.4440 0002419 301.6762 268.2253  1.00272448  4385
SIRIUS FM-6             
1 39360U 13058A   14340.36752190 -.00000024  00000-0  10000-3 0  3820
2 39360   0.0502  61.3055 0000745 181.0623 208.8755  1.00271940  4123
RADUGA-1M 3             
1 39375U 13062A   14340.83694235 -.00000045  00000-0  10000-3 0  4046
2 39375   0.0373  72.2593 0002968 203.4509 171.1369  1.00272118  3911
SES-8                   
1 39460U 13071A   14340.71041769 -.00000275  00000-0  10000-3 0  3387
2 39460   0.0124 278.7036 0000931 319.0638 188.3965  1.00270437  3666
INMARSAT 5-F1           
1 39476U 13073A   14341.98443147  .00000022  00000-0  10000-3 0  5552
2 39476   0.0081 347.4103 0000580 268.1173 238.1585  1.00272935  3726
TKSAT-1 (TUPAC KATARI)  
1 39481U 13075A   14342.64707626 -.00000199  00000-0  10000-3 0  2697
2 39481   0.0408 175.7743 0004005  66.6095 340.6884  1.00270508  3643
EXPRESS-AM5             
1 39487U 13077A   14341.82781537 -.00000285  00000-0  00000+0 0  3914
2 39487   0.0117 237.2227 0001430 101.9001 175.4323  1.00271272  4176
GSAT-14                 
1 39498U 14001A   14340.88833539 -.00000083  00000-0  00000+0 0  2992
2 39498   0.0171 358.7550 0004374 248.1084 222.5204  1.00271659  3362
THAICOM 6               
1 39500U 14002A   14340.60115766 -.00000127  00000-0  10000-3 0  2963
2 39500   0.0958 120.4872 0002677  85.8040 163.8980  1.00270557  3311
TDRS 12                 
1 39504U 14004A   14341.32249447 -.00000298  00000-0  00000+0 0  2327
2 39504   6.8063 337.8306 0003850 278.6455 246.7730  1.00265780  3235
ABS-2                   
1 39508U 14006A   14341.79921030 -.00000091  00000-0  00000+0 0  2847
2 39508   0.0136 358.6308 0003068 263.6204 176.8717  1.00271402  3120
ATHENA-FIDUS            
1 39509U 14006B   14339.13396690  .00000147  00000-0  00000+0 0  2864
2 39509   0.0014 354.0235 0001318 268.8090 257.0695  1.00274402  3277
TURKSAT 4A              
1 39522U 14007A   14342.17357356  .00000141  00000-0  10000-3 0  3134
2 39522   0.0423 279.3908 0005351 342.8674 279.0687  1.00270552  3002
EXPRESS-AT1             
1 39612U 14010A   14341.86234828  .00000073  00000-0  00000+0 0  2634
2 39612   0.0167 250.6672 0000717  56.8722 135.4528  1.00272200  2846
EXPRESS-AT2             
1 39613U 14010B   14341.82579222 -.00000287  00000-0  00000+0 0  2639
2 39613   0.0157 238.9401 0000463  76.3682 198.3271  1.00270553  2678
AMAZONAS 4A             
1 39616U 14011A   14341.18722000 -.00000289  00000-0  00000+0 0  2111
2 39616   0.0446  46.5576 0002386 229.8329 165.9884  1.00271179  2650
ASTRA 5B                
1 39617U 14011B   14342.23518409  .00000150  00000-0  00000+0 0  2133
2 39617   0.0363 346.5219 0002652 271.9211 294.6431  1.00272023  2668
IRNSS-1B                
1 39635U 14017A   14339.00457826  .00000034  00000-0  00000+0 0  2068
2 39635  30.6468 309.0493 0015387 182.5835 358.8521  1.00272325  2566
LUCH 5V                 
1 39727U 14023A   14341.67912769 -.00000274  00000-0  00000+0 0  1869
2 39727   4.4065 301.7705 0003557 331.2506 142.7048  1.00264675520310
KAZSAT 3                
1 39728U 14023B   14339.01248116  .00000054  00000-0  10000-3 0  1908
2 39728   0.0072 127.8969 0000658 187.0343 181.7935  1.00270251  2214
EUTELSAT 3B             
1 39773U 14030A   14341.11492403  .00000014  00000-0  00000+0 0  1653
2 39773   0.0583  50.2830 0003949 186.2507 243.7424  1.00272733  2002
ASIASAT 8               
1 40107U 14046A   14341.53328580 -.00000338  00000-0  00000+0 0  1136
2 40107   0.0141 353.2727 0001579 240.5493 139.6928  1.00269712  1296
ASIASAT 6               
1 40141U 14052A   14341.73371733 -.00000367  00000-0  10000-3 0   946
2 40141   0.0296 276.2605 0000955 354.9997 189.2076  1.00271507   952
OPTUS 10                
1 40146U 14054A   14341.58631387 -.00000080  00000-0  00000+0 0   969
2 40146   0.0202  26.7538 0002723 221.8286 202.7473  1.00271918   919
MEASAT-3B               
1 40147U 14054B   14341.96898171 -.00000247  00000-0  10000-3 0   991
2 40147   0.0324  33.0150 0002951 257.7623 226.2157  1.00271756   967
LUCH (OLYMP)            
1 40258U 14058A   14341.73539256  .00000087  00000-0  00000+0 0   995
2 40258   0.0450 127.5217 0000686 135.7832 131.8425  1.00269987   730
HIMAWARI 8              
1 40267U 14060A   14340.64959241 -.00000281  00000-0  00000+0 0   590
2 40267   0.0105 342.3886 0000762 263.9749 203.5568  1.00273368   645
IRNSS-1C                
1 40269U 14061A   14340.95292057 -.00000167  00000-0  10000-3 0   578
2 40269   4.8852 272.1484 0022331 359.9105 229.7193  1.00271005   606
