LAGEOS 1                
1 08820U 76039A   14340.25040141  .00000017  00000-0  00000+0 0  7188
2 08820 109.8104 176.8808 0044142 124.6448  34.9127  6.38664634644630
AJISAI (EGS)            
1 16908U 86061A   14341.87762288 -.00000080  00000-0  12202-3 0  5890
2 16908  50.0081 130.4931 0011197 266.4625 258.4723 12.44478808956592
LAGEOS 2                
1 22195U 92070B   14341.63579906 -.00000009  00000-0  00000+0 0  9590
2 22195  52.6690  47.1390 0138489 146.7027 201.7465  6.47293871523106
STELLA                  
1 22824U 93061B   14342.20374341  .00000005  00000-0  19986-4 0  9100
2 22824  98.6989 281.7717 0006170 201.0727 271.3980 14.27344943104483
GRACE-1                 
1 27391U 02012A   14341.97256382  .00020337  00000-0  31576-3 0   375
2 27391  89.0052  93.0356 0010242 169.8335 315.3025 15.53793279713054
GRACE-2                 
1 27392U 02012B   14341.91086125  .00020845  00000-0  32357-3 0   367
2 27392  89.0050  93.0822 0010599 172.0740 326.7423 15.53794193713045
LARES                   
1 38077U 12006A   14342.21243259 -.00000022  00000-0  10000-3 0  7870
2 38077  69.4951 281.5526 0006706  45.7349 314.4229 12.54930552129093
