COSMOS 2413 (712)       
1 28509U 04053B   14342.11716794  .00000047  00000-0  10000-3 0  7977
2 28509  63.1523 209.9465 0005455 166.6869 280.1589  2.13101826 77430
COSMOS 2419 (714)       
1 28915U 05050A   14342.53891664 -.00000008  00000-0  00000+0 0  5579
2 28915  65.0999  96.9646 0014498 354.6806  47.8354  2.13107591 69693
COSMOS 2425 (716)       
1 29670U 06062A   14341.45305316 -.00000057  00000-0  10000-3 0  2583
2 29670  65.8303 335.8693 0022149 338.4630  19.1554  2.13104991 61869
COSMOS 2426 (717)       
1 29671U 06062B   14341.26778846 -.00000057  00000-0  10000-3 0  2776
2 29671  65.8475 335.9449 0016681 175.1806 265.1942  2.13103000 61870
COSMOS 2424 (715)       
1 29672U 06062C   14341.69467959 -.00000057  00000-0  10000-3 0  2831
2 29672  65.8320 335.8697 0016184 174.2033  51.5979  2.13102194 61874
COSMOS 2433 (720)       
1 32275U 07052A   14342.58507971 -.00000008  00000-0  10000-3 0    27
2 32275  65.1155  96.7233 0002496 214.0909 122.6059  2.13105062 55409
COSMOS 2432 (719)       
1 32276U 07052B   14341.73362284 -.00000015  00000-0  10000-3 0  9858
2 32276  65.1275  96.8088 0010194 341.3167  17.3019  2.13104336 55382
COSMOS 2434 (721)       
1 32393U 07065A   14342.37328637 -.00000058  00000-0  00000+0 0  8386
2 32393  65.4528 335.4246 0002038 152.3736 279.0453  2.13102793 54118
COSMOS 2436 (723)       
1 32395U 07065C   14342.16942597 -.00000058  00000-0  10000-3 0  7533
2 32395  65.4649 335.4658 0017168 344.1583  22.8236  2.13102872 54045
COSMOS 2443 (725)       
1 33379U 08046B   14341.90842873 -.00000014  00000-0  10000-3 0  7603
2 33379  65.0418  96.2174 0020266 181.4017 268.1689  2.13101543 48268
COSMOS 2456 (730)       
1 36111U 09070A   14341.33590935  .00000050  00000-0  00000+0 0  4728
2 36111  64.2118 215.2040 0004331 332.1277 189.9475  2.13103150 38758
COSMOS 2457 (733)       
1 36112U 09070B   14342.04446889  .00000044  00000-0  00000+0 0  4460
2 36112  64.1930 215.1195 0006834 153.7648 324.8797  2.13101693 38778
COSMOS 2458 (734)       
1 36113U 09070C   14341.79088314  .00000047  00000-0  10000-3 0  4577
2 36113  64.1985 215.1300 0002191  40.8285 289.9494  2.13102060 38765
COSMOS 2459 (731)       
1 36400U 10007A   14342.37094748 -.00000010  00000-0  10000-3 0  3841
2 36400  65.0205  95.9530 0027481 355.6169  47.1603  2.13102396 37133
COSMOS 2461 (735)       
1 36401U 10007B   14341.64594045 -.00000017  00000-0  10000-3 0  3629
2 36401  65.0130  95.9640 0006725  93.8585  23.2229  2.13102431 37111
COSMOS 2460 (732)       
1 36402U 10007C   14341.51018111 -.00000018  00000-0  10000-3 0  3790
2 36402  65.0028  95.9524 0002255 150.7709 264.8710  2.13102083 37115
COSMOS 2466 (738)       
1 37137U 10041A   14341.65786442 -.00000059  00000-0  10000-3 0  2567
2 37137  65.0370 335.8418 0019836 160.9241 305.5064  2.13102402 33190
COSMOS 2465 (737)       
1 37138U 10041B   14342.17400543 -.00000059  00000-0  00000+0 0  2623
2 37138  65.0532 335.8845 0034503 172.4921 151.8735  2.13102819 33195
COSMOS 2464 (736)       
1 37139U 10041C   14341.71269449 -.00000059  00000-0  00000+0 0  2407
2 37139  65.0553 335.8919 0020515   6.6296  98.3383  2.13102774 33196
COSMOS 2471 (701K)      
1 37372U 11009A   14341.71112832 -.00000017  00000-0  00000+0 0  1395
2 37372  65.0008  95.8970 0008038 222.7717 117.7283  2.13103007 29386
COSMOS 2474 (742)       
1 37829U 11055A   14341.71569505  .00000047  00000-0  00000+0 0  9521
2 37829  64.5343 215.3733 0006296 258.3742  58.9950  2.13101872 24753
COSMOS 2476 (744)       
1 37867U 11064A   14341.37801003  .00000050  00000-0  00000+0 0  9105
2 37867  64.5153 215.4795 0015277 252.3048 211.5853  2.13102138 24109
COSMOS 2477 (745)       
1 37868U 11064B   14342.10405123  .00000044  00000-0  00000+0 0  9081
2 37868  64.5226 215.4901 0013181 254.2101 226.2730  2.13101988 24078
COSMOS 2475 (743)       
1 37869U 11064C   14341.30304514  .00000050  00000-0  00000+0 0  9060
2 37869  64.5304 215.4994 0020098 282.8525 258.8960  2.13102326 24062
COSMOS 2478 (746)       
1 37938U 11071A   14342.29557954 -.00000011  00000-0  00000+0 0  8801
2 37938  65.0331  96.0763 0013365 230.6321 338.1148  2.13102439 23699
COSMOS 2485 (747)       
1 39155U 13019A   14341.77657991  .00000047  00000-0  00000+0 0  4749
2 39155  64.6838 215.2952 0015427 246.2769 208.6871  2.13102246 12580
COSMOS 2492 (754)       
1 39620U 14012A   14342.08815764 -.00000013  00000-0  10000-3 0  1756
2 39620  64.8895  96.0002 0013912 335.5651  29.6312  2.13103508  5565
COSMOS 2500 (755)       
1 40001U 14032A   14341.78572402 -.00000016  00000-0  00000+0 0  1576
2 40001  64.8318  96.0766 0007623 191.2807 166.5586  2.13103066  3740
