GOES 1 [-]              
1 08366U 75100A   14342.49537271 -.00000248  00000-0  00000+0 0   195
2 08366  13.2604 329.0585 0005272 220.3454 345.1909  1.00265245143003
GOES 2 [-]              
1 10061U 77048A   14341.71980363 -.00000010  00000-0  00000+0 0  3001
2 10061  14.2536 337.7129 0014258 284.0220 153.6038  0.99393179 81679
GOES 3 [P]              
1 10953U 78062A   14340.22051321 -.00000106  00000-0  00000+0 0  8681
2 10953  14.2849 341.2417 0004482 160.7534 264.7231  1.00266669 86706
GOES 4 [-]              
1 11964U 80074A   14342.34988641  .00000048  00000-0  00000+0 0  5466
2 11964  14.9444 344.9130 0029522 347.6149  94.1139  0.99228703 85872
GOES 5 [-]              
1 12472U 81049A   14342.00791765 -.00000282  00000-0  00000+0 0  3454
2 12472  14.7695 354.9960 0005738 186.8772 185.0802  1.00238223 80764
GOES 6 [-]              
1 14050U 83041A   14341.28750034 -.00000274  00000-0  00000+0 0  3535
2 14050  14.8232 359.8295 0004862 153.0153 310.7993  1.00259149173858
GOES 7 [-]              
1 17561U 87022A   14342.12010212 -.00000240  00000-0  00000+0 0  6210
2 17561  14.8197  15.7923 0001934 240.5905 201.7365  0.99907705 84935
GOES 8 [-]              
1 23051U 94022A   14342.17818486 -.00000020  00000-0  00000+0 0  2350
2 23051  10.0515  48.3671 0008002 199.3400 103.5334  0.98905225 82492
GOES 9 [-]              
1 23581U 95025A   14341.95853690  .00000031  00000-0  00000+0 0  5436
2 23581   9.5707  47.2970 0003611  94.4778 355.2196  0.98797673 71182
GOES 10 [-]             
1 24786U 97019A   14341.52823836 -.00000303  00000-0  00000+0 0  4488
2 24786   7.8502  51.2190 0030081 133.7631 230.6437  0.99126457 64339
GOES 11 [-]             
1 26352U 00022A   14341.89852171 -.00000030  00000-0  00000+0 0  8291
2 26352   3.0620  85.7343 0004466  95.9377 310.0205  0.99039901 53325
GOES 12 [-]             
1 26871U 01031A   14341.89833862 -.00000303  00000-0  00000+0 0  7667
2 26871   4.6033  67.9892 0008779 199.5822 277.3376  0.99140993 49002
GOES 13 [+]             
1 29155U 06018A   14341.32186578 -.00000256  00000-0  00000+0 0  4505
2 29155   0.1842  96.8838 0001196  37.7026 342.5361  1.00276756 31308
GOES 14 [S]             
1 35491U 09033A   14342.59597017 -.00000085  00000-0  00000+0 0  7513
2 35491   0.1649 263.5947 0012739 308.7576 333.2325  1.00266258 19964
GOES 15 [+]             
1 36411U 10008A   14342.62523824  .00000086  00000-0  00000+0 0  3964
2 36411   0.2073 260.8042 0002576 344.0296 282.1956  1.00268163 17489
