GORIZONT 1 [-]          
1 11158U 78118A   14338.43466200 -.00000261  00000-0  00000+0 0  9859
2 11158  18.3227 286.5207 3345141 154.9562 226.0223  1.00310404 80697
GORIZONT 2 [-]          
1 11440U 79062A   14338.53846464 -.00000197  00000-0  00000+0 0  3253
2 11440  13.9465 334.1165 0006703 209.5461 165.9884  1.00303128 95762
GORIZONT 3 [-]          
1 11648U 79105A   14341.03761141  .00000048  00000-0  00000+0 0  1654
2 11648  14.0164 335.2392 0015640 149.3281  21.4082  1.00209325 80242
GORIZONT 4 [-]          
1 11841U 80049A   14342.17253282 -.00000107  00000-0  00000+0 0  3442
2 11841  14.8994 339.3749 0005145 213.8786 330.4578  0.98629511192036
GORIZONT 5 [-]          
1 13092U 82020A   14341.22100678 -.00000218  00000-0  00000+0 0  2293
2 13092  15.4936 344.1648 0036238 139.4843  27.7011  0.98533316 80104
GORIZONT 6 [-]          
1 13624U 82103A   14339.34794647  .00000073  00000-0  00000+0 0  2839
2 13624  14.3444 344.0709 0005294 163.3770 244.7569  1.00239294 78699
GORIZONT 7 [-]          
1 14160U 83066A   14341.83311377 -.00000159  00000-0  00000+0 0  2270
2 14160  15.3370 351.4285 0013018 225.4537 175.1863  0.98348504113391
GORIZONT 8 [-]          
1 14532U 83118A   14340.28027206 -.00000220  00000-0  00000+0 0  3421
2 14532  15.3496 352.9744 0026784  82.4419  84.1629  0.98270993 79153
GORIZONT 9 [-]          
1 14940U 84041A   14340.93028427  .00000044  00000-0  00000+0 0  3870
2 14940  14.6210 351.8300 0008683 164.1990 309.5712  1.00294157 79809
GORIZONT 10 [-]         
1 15144U 84078A   14339.42507646 -.00000158  00000-0  00000+0 0  2577
2 15144  14.6171 352.8555 0004172 191.5215 305.6089  1.00167141112374
GORIZONT 11 [-]         
1 15484U 85007A   14342.02795734 -.00000225  00000-0  00000+0 0  3187
2 15484  14.6132 354.5416 0003656 147.0648  34.6235  1.00155540110410
GORIZONT 12 [-]         
1 16769U 86044A   14340.46044174 -.00000369  00000-0  00000+0 0  8620
2 16769  14.7262 359.3910 0005935 184.3837 164.8421  1.00296945105041
GORIZONT 13 [-]         
1 17083U 86090A   14341.32281865 -.00000161  00000-0  00000+0 0  9628
2 17083  15.9933   4.9240 0015733 248.3919 263.5951  0.96726054 77942
GORIZONT 14 [-]         
1 17969U 87040A   14339.22529920 -.00000168  00000-0  00000+0 0  5128
2 17969  15.7941 357.4911 0030960 107.5988  11.7267  0.97658915 78714
GORIZONT 15 [-]         
1 19017U 88028A   14339.86565984 -.00000209  00000-0  00000+0 0  3170
2 19017  15.8902   8.5689 0036069  87.6431  94.8910  0.97829623 78297
GORIZONT 16 [-]         
1 19397U 88071A   14341.67271409  .00000106  00000-0  00000+0 0  1541
2 19397  14.8356   7.6165 0010210 328.6871  28.8065  0.99968626 96146
GORIZONT 17 [-]         
1 19765U 89004A   14341.69544839 -.00000288  00000-0  00000+0 0   540
2 19765  15.0489  10.4160 0019709  66.2401  48.7056  0.99068928 93861
GORIZONT 18 [-]         
1 20107U 89052A   14340.75034909 -.00000003  00000-0  00000+0 0  2225
2 20107  14.9348  11.8403 0036435 235.3607 125.8553  0.99400885 92558
GORIZONT 19 [-]         
1 20263U 89081A   14341.21811927  .00000116  00000-0  00000+0 0  7055
2 20263  14.7235  11.4143 0006628 177.2783   2.0138  1.00252109 92272
GORIZONT 20 [-]         
1 20659U 90054A   14341.66818692  .00000050  00000-0  00000+0 0  1849
2 20659  14.8277  14.4436 0009112 127.2122 230.5768  1.00250235 89483
GORIZONT 21 [-]         
1 20923U 90094A   14340.23143240 -.00000180  00000-0  00000+0 0  2014
2 20923  14.7476  15.3007 0007997 163.8407 319.2555  1.00298572 88217
GORIZONT 22 [-]         
1 20953U 90102A   14341.86598701 -.00000353  00000-0  00000+0 0   710
2 20953  14.6739  15.5219 0003820 205.8696 296.7792  1.00323645 88195
GORIZONT 23 [-]         
1 21533U 91046A   14341.44975451 -.00000292  00000-0  00000+0 0   282
2 21533  14.9903  19.1064 0007540 204.7310 157.1258  0.98910144 79096
GORIZONT 24 [-]         
1 21759U 91074A   14340.12040551 -.00000056  00000-0  00000+0 0  6689
2 21759  14.9413  20.6504 0022026 153.6572 218.0887  0.98441601 83587
GORIZONT 25 [-]         
1 21922U 92017A   14340.23143240 -.00000233  00000-0  00000+0 0   221
2 21922  14.5266  20.6187 0023536   3.9810 114.3706  0.99857830 82883
GORIZONT 26 [-]         
1 22041U 92043A   14340.63258348  .00000023  00000-0  00000+0 0  6764
2 22041  14.4896  22.1413 0034953 159.8801   8.7784  0.99239989 81700
GORIZONT 27 [-]         
1 22245U 92082A   14339.22093228  .00000071  00000-0  00000+0 0  1263
2 22245  14.4085  22.5749 0011239 266.0191  86.6513  1.00159494 84946
GORIZONT 28 [-]         
1 22880U 93069A   14340.96892302  .00000083  00000-0  00000+0 0   360
2 22880  14.1333  25.8173 0032128  61.9976  14.9086  0.99650874 77186
GORIZONT 29 [-]         
1 22907U 93072A   14340.60156228 -.00000169  00000-0  00000+0 0  3476
2 22907  14.0893  25.6482 0011228 240.7564 292.1637  1.00115767 77031
GORIZONT 30 [-]         
1 23108U 94030A   14339.14991110 -.00000107  00000-0  00000+0 0  1288
2 23108  13.9886  26.7029 0005197 161.3897 290.5048  1.00265058 75258
GORIZONT 31 [-]         
1 23775U 96005A   14340.51472106 -.00000228  00000-0  00000+0 0  6687
2 23775  13.2303  32.1150 0022874 129.0950 257.0862  0.99901626 68982
GORIZONT 32 [-]         
1 23880U 96034A   14340.97185329 -.00000063  00000-0  00000+0 0  5376
2 23880  13.1136  32.8376 0008301 242.7192 222.7887  1.00135731 67860
GORIZONT 33 [-]         
1 26372U 00029A   14341.80819640 -.00000048  00000-0  00000+0 0  3042
2 26372  10.7184  41.8267 0002545 119.8624 202.2167  1.00295817 53212
