LEASAT 5                
1 20410U 90002B   14342.00335145 -.00000083  00000-0  10000-3 0  2969
2 20410  11.0895  19.7787 0004926 202.2373 287.8896  1.00272670 76480
INTELSAT 603 (IS-603)   
1 20523U 90021A   14340.12055035 -.00000247  00000-0  00000+0 0  6380
2 20523  10.4943  43.5459 0005776 162.0554 192.0301  1.00269104 83463
INTELSAT 701 (IS-701)   
1 22871U 93066A   14341.11326703 -.00000221  00000-0  00000+0 0  5632
2 22871   2.4105  72.2992 0004482 187.9945 186.7863  1.00271236 77225
INTELSAT 702 (IS-702)   
1 23124U 94034A   14341.82246088  .00000148  00000-0  10000-3 0  3792
2 23124   2.7588  70.7594 0003941 196.7077 138.0311  1.00273696 89165
INTELSAT 706 (IS-706)   
1 23571U 95023A   14338.98958330 -.00000236  00000-0  10000-3 0  2136
2 23571   2.7100  72.5720 0009872 109.2160  14.7020  0.98949728 71567
INTELSAT 26 (IS-26)     
1 24732U 97007A   14341.66352436 -.00000013  00000-0  00000+0 0  8509
2 24732   5.9200  57.4935 0005071 188.0510 135.4566  1.00271971 65105
GALAXY 25 (G-25)        
1 24812U 97026A   14339.60497291 -.00000169  00000-0  00000+0 0  9580
2 24812   0.0055 281.7347 0003584 335.0371 302.2573  1.00271772 64169
INTELSAT 5 (IS-5)       
1 24916U 97046A   14340.60957234 -.00000146  00000-0  00000+0 0   314
2 24916   1.7167  75.8805 0001744 166.9753 208.8954  1.00270466 63418
INTELSAT 805 (IS-805)   
1 25371U 98037A   14341.18572707 -.00000291  00000-0  10000-3 0  5280
2 25371   0.0038 314.1749 0002577 302.6792 190.3969  1.00271610 60359
INTELSAT 7 (IS-7)       
1 25473U 98052A   14341.35178039 -.00000148  00000-0  00000+0 0  1078
2 25473   1.3021  79.0928 0006569 202.9741 262.4348  1.00272567 59436
AFRISTAR                
1 25515U 98063A   14339.12596507  .00000119  00000-0  00000+0 0  6356
2 25515   1.6858  72.9717 0004479 189.6553 237.5600  1.00273196 58951
INTELSAT 8 (IS-8)       
1 25522U 98065A   14340.57234115 -.00000037  00000-0  00000+0 0  8353
2 25522   0.0055 357.8396 0002799 240.3193 212.1580  1.00272444 58947
GALAXY 26 (G-26)        
1 25626U 99005A   14341.82854303 -.00000243  00000-0  00000+0 0  6064
2 25626   2.8844  85.0738 0003086 108.0582 347.3247  0.99000966 57901
GALAXY 27 (G-27)        
1 25922U 99052A   14342.03846433 -.00000010  00000-0  10000-3 0  6612
2 25922   1.3766  77.7955 0004372 179.5912 259.3927  1.00272846 55686
DIRECTV 1R              
1 25937U 99056A   14340.95307663 -.00000104  00000-0  00000+0 0  9294
2 25937   1.9744  74.0175 0005326 146.4471 302.3185  0.98959353 55520
GALAXY 11 (G-11)        
1 26038U 99071A   14342.10038421 -.00000291  00000-0  10000-3 0   356
2 26038   0.0589 256.6937 0001347  63.2405  97.4104  1.00272176 54905
SIRIUS-1                
1 26390U 00035A   14341.63167626 -.00000001  00000-0  00000+0 0  4174
2 26390  59.9196 238.2417 2691194 270.2499  59.4934  1.00278706 52881
INTELSAT 9 (IS-9)       
1 26451U 00043A   14342.29532354 -.00000275  00000-0  10000-3 0  4378
2 26451   1.7065  76.1772 0003209 176.6188 247.3788  1.00270108 52645
SIRIUS-2                
1 26483U 00051A   14341.76691619  .00000024  00000-0  00000+0 0   342
2 26483  64.2800 117.9638 2713402 268.4400 232.0892  1.00277105 52223
INTELSAT 12 (IS-12)     
1 26590U 00068A   14342.11109760  .00000132  00000-0  00000+0 0  3624
2 26590   0.0314  41.0346 0003022 221.8188 258.9169  1.00271725 51660
INTELSAT 1R (IS-1R)     
1 26608U 00072A   14339.33616091 -.00000289  00000-0  00000+0 0  9900
2 26608   0.0261 213.6195 0000068 279.8780  11.5576  1.00271750 51458
SIRIUS-3                
1 26626U 00077A   14340.35822830 -.00000147  00000-0  00000+0 0  3894
2 26626  64.5094 357.8961 2691098 269.7916 200.6862  1.00273409 51349
XM-2 (ROCK)             
1 26724U 01012A   14341.43815334 -.00000252  00000-0  00000+0 0  9796
2 26724   0.2453  63.9641 0002391 253.4277  42.5995  0.99081936 50320
XM-1 (ROLL)             
1 26761U 01018A   14342.24504472 -.00000028  00000-0  10000-3 0  8583
2 26761   0.1392 251.2046 0003539 333.4667 185.2384  1.00272432 49826
INTELSAT 10 (IS-10)     
1 26766U 01019A   14341.74310343  .00000121  00000-0  00000+0 0  7010
2 26766   0.0048   3.3986 0002721 260.5608 127.4810  1.00273375 49722
INTELSAT 901 (IS-901)   
1 26824U 01024A   14341.35178039 -.00000146  00000-0  00000+0 0  4589
2 26824   0.0133 329.5818 0003679 286.0875 289.0147  1.00271204 49458
INTELSAT 902 (IS-902)   
1 26900U 01039A   14341.98443116  .00000027  00000-0  00000+0 0  4431
2 26900   0.0009 340.7188 0003230 270.7273 241.6224  1.00272877 48596
DIRECTV 4S              
1 26985U 01052A   14341.56245458 -.00000119  00000-0  00000+0 0  4783
2 26985   0.0117 275.4842 0002841 352.7001 269.3594  1.00271601 47788
INTELSAT 904 (IS-904)   
1 27380U 02007A   14340.61433491  .00000042  00000-0  10000-3 0  5864
2 27380   0.0303  27.1400 0003319 222.9413 106.3972  1.00272340 46873
INTELSAT 903 (IS-903)   
1 27403U 02016A   14339.32449287 -.00000245  00000-0  00000+0 0  1571
2 27403   0.0305  29.5848 0003152 213.1501 273.6148  1.00270012 46460
DIRECTV 5 (TEMPO 1)     
1 27426U 02023A   14341.62602973 -.00000061  00000-0  10000-3 0  6108
2 27426   0.0165 305.0274 0003549 305.0077 301.5248  1.00271092 46116
INTELSAT 905 (IS-905)   
1 27438U 02027A   14341.11116052 -.00000190  00000-0  00000+0 0  9917
2 27438   0.0246  23.9528 0002774 177.3789 249.9969  1.00270579 45793
GALAXY 3C (G-3C)        
1 27445U 02030A   14342.57342615 -.00000156  00000-0  10000-3 0  2017
2 27445   0.0091 347.4975 0001554   8.0719 193.0774  1.00271385 45752
INTELSAT 906 (IS-906)   
1 27513U 02041A   14340.96117612  .00000008  00000-0  00000+0 0  2484
2 27513   0.0271   8.4450 0002305 230.7029 246.7001  1.00273404 44878
INTELSAT 907 (IS-907)   
1 27683U 03007A   14340.14093542 -.00000209  00000-0  00000+0 0  7715
2 27683   0.0050 312.6835 0003376 297.7219 207.6873  1.00271149 43226
GALAXY 12 (G-12)        
1 27715U 03013B   14341.56779751  .00000053  00000-0  10000-3 0  1308
2 27715   0.0433 111.6159 0002240 132.9501 267.0948  1.00271404 42794
GALAXY 23 (G-23)        
1 27854U 03034A   14342.03186690  .00000008  00000-0  00000+0 0   610
2 27854   0.0058  10.8568 0003111 235.8787  80.4610  1.00271455 41442
GALAXY 13 (HORIZONS-1)  
1 27954U 03044A   14342.39695043  .00000043  00000-0  00000+0 0  9559
2 27954   0.0058 305.4264 0001899 317.9324 189.5952  1.00272088 41026
DIRECTV 7S              
1 28238U 04016A   14341.57377635 -.00000004  00000-0  00000+0 0  1839
2 28238   0.0207 351.9464 0003073 262.2228 269.5836  1.00271782 38876
INTELSAT 10-02          
1 28358U 04022A   14341.80972617 -.00000016  00000-0  10000-3 0  9663
2 28358   0.0073 271.5224 0001058   1.4827  94.0144  1.00271796 38429
XM-3 (RHYTHM)           
1 28626U 05008A   14341.55951330 -.00000211  00000-0  10000-3 0  7819
2 28626   0.0159 211.0905 0000168 260.6168  80.8873  1.00273270 35850
SPACEWAY 1              
1 28644U 05015A   14340.61224650 -.00000108  00000-0  00000+0 0   544
2 28644   0.0493 147.4810 0000058 348.6672  56.6568  1.00271385 35298
DIRECTV 8               
1 28659U 05019A   14342.14161516 -.00000120  00000-0  00000+0 0  1168
2 28659   0.0045 327.1441 0003378 271.7650 148.0433  1.00271199 34989
GALAXY 28 (G-28)        
1 28702U 05022A   14342.27132978 -.00000190  00000-0  00000+0 0  8518
2 28702   0.0098 350.1004 0001875 196.0336 259.4995  1.00270636 34689
GALAXY 14 (G-14)        
1 28790U 05030A   14341.39917036  .00000031  00000-0  10000-3 0  9162
2 28790   0.0149 359.5370 0002562 251.5887 203.6517  1.00272082 34097
GALAXY 15 (G-15)        
1 28884U 05041A   14340.39209150  .00000072  00000-0  00000+0 0  8695
2 28884   0.0137 351.4492 0002307 274.7506 177.0623  1.00272579 33458
SPACEWAY 2              
1 28903U 05046B   14342.14161516 -.00000131  00000-0  00000+0 0  8912
2 28903   0.0384 151.3609 0000109 101.2068 136.1154  1.00271809 33298
GALAXY 16 (G-16)        
1 29236U 06023A   14339.41634223 -.00000133  00000-0  10000-3 0  8887
2 29236   0.0556 117.7811 0002624 124.0547 243.1664  1.00270663 31031
DIRECTV 9S              
1 29494U 06043A   14341.56349630 -.00000120  00000-0  00000+0 0  7744
2 29494   0.0176 273.3390 0003725 339.1189 285.5599  1.00272072 29894
XM-4 (BLUES)            
1 29520U 06049A   14342.24504454 -.00000028  00000-0  00000+0 0  4006
2 29520   0.0227 170.6235 0000094 134.6724 104.6256  1.00273201 29804
GALAXY 17 (G-17)        
1 31307U 07016B   14342.48953375 -.00000179  00000-0  00000+0 0  5315
2 31307   0.0145 341.3458 0003274 279.1108 261.9452  1.00272403 27870
DIRECTV 10              
1 31862U 07032A   14341.32112635 -.00000109  00000-0  10000-3 0  5775
2 31862   0.0568 129.7239 0000166  61.8935 257.1919  1.00271404 27191
SPACEWAY 3              
1 32018U 07036A   14342.57342615 -.00000156  00000-0  10000-3 0  4696
2 32018   0.0306 156.6913 0000322  66.0823 325.9545  1.00271553 26924
INTELSAT 11 (IS-11)     
1 32253U 07044B   14341.94266413 -.00000274  00000-0  10000-3 0  2708
2 32253   0.0190 271.5784 0003067 342.3213 119.0865  1.00271040 26323
HORIZONS-2              
1 32388U 07063B   14341.08287837 -.00000188  00000-0  10000-3 0  4432
2 32388   0.0096 326.0175 0002657 292.0705 292.3744  1.00271215 25669
DIRECTV 11              
1 32729U 08013A   14339.41634238 -.00000132  00000-0  00000+0 0  5190
2 32729   0.0244 162.0913 0000202 338.2445 344.4566  1.00270836 24702
GALAXY 18 (G-18)        
1 32951U 08024A   14342.11377361  .00000020  00000-0  00000+0 0  1518
2 32951   0.0201  27.9815 0003027 210.9388 115.8351  1.00272070 23941
INTELSAT 25 (IS-25)     
1 33153U 08034A   14341.32289487 -.00000230  00000-0  00000+0 0  1881
2 33153   0.0105 312.9073 0002310 271.6165 296.2234  1.00270129 23490
GALAXY 19 (G-19)        
1 33376U 08045A   14341.53393749 -.00000145  00000-0  00000+0 0  2145
2 33376   0.0176   9.2300 0002943 242.4244 279.7760  1.00270761 22705
SIRIUS FM-5             
1 35493U 09034A   14339.53315394 -.00000152  00000-0  00000+0 0   194
2 35493   0.0062 341.4459 0000723 292.3668 256.3889  1.00271200 19860
INTELSAT 14 (IS-14)     
1 36097U 09064A   14341.94273788 -.00000279  00000-0  00000+0 0   488
2 36097   0.0298 290.3678 0002453 334.0172 106.6382  1.00272085 18498
INTELSAT 15 (IS-15)     
1 36106U 09067A   14341.08287837 -.00000191  00000-0  10000-3 0  2331
2 36106   0.0097 318.9340 0002644 307.9881 283.8420  1.00271684 18380
DIRECTV 12              
1 36131U 09075A   14342.32696500 -.00000108  00000-0  00000+0 0  3690
2 36131   0.0536 143.6545 0000213  15.1265 293.1687  1.00271266 18183
INTELSAT 16 (IS-16)     
1 36397U 10006A   14339.35027314 -.00000241  00000-0  00000+0 0   189
2 36397   0.0161 343.3863 0002043 265.2528 232.5390  1.00272508 17576
XM-5                    
1 37185U 10053A   14342.45431225 -.00000210  00000-0  10000-3 0   666
2 37185   0.0183 295.2029 0001810  80.0572 140.2172  1.00272615 15242
INTELSAT 17 (IS-17)     
1 37238U 10065B   14342.03846433 -.00000007  00000-0  00000+0 0  8660
2 37238   0.0012 349.6469 0003294 261.5400 265.3802  1.00271464 14775
INTELSAT NEW DAWN       
1 37392U 11016A   14341.67037722  .00000150  00000-0  10000-3 0  8797
2 37392   0.0121  16.8788 0002700 304.5800  29.0360  1.00274051 13326
INTELSAT 18 (IS-18)     
1 37834U 11056A   14342.33436014  .00000049  00000-0  00000+0 0  7637
2 37834   0.0151 350.4913 0002438 252.2003 134.7194  1.00274087 11707
INTELSAT 22 (IS-22)     
1 38098U 12011A   14342.54989274 -.00000063  00000-0  10000-3 0  6345
2 38098   0.0208 346.3971 0002300 262.3258  98.5723  1.00272269  9918
INTELSAT 19 (IS-19)     
1 38356U 12030A   14341.58480927 -.00000062  00000-0  00000+0 0  7331
2 38356   0.0210   7.6363 0003273 240.9172 204.2615  1.00272267  9315
INTELSAT 20 (IS-20)     
1 38740U 12043A   14340.90257672 -.00000031  00000-0  00000+0 0  6601
2 38740   0.0067 286.5726 0000766  26.7259 155.7377  1.00272337  8618
INTELSAT 21 (IS-21)     
1 38749U 12045A   14342.06616838 -.00000290  00000-0  00000+0 0  5082
2 38749   0.0080 351.2424 0002550 266.3695 144.9524  1.00272580  8441
INTELSAT 23 (IS-23)     
1 38867U 12057A   14341.42787360 -.00000291  00000-0  00000+0 0  4725
2 38867   0.0340  70.5976 0001622 182.2964 284.2486  1.00269007  7903
SIRIUS FM-6             
1 39360U 13058A   14340.36752190 -.00000024  00000-0  10000-3 0  3820
2 39360   0.0502  61.3055 0000745 181.0623 208.8755  1.00271940  4123
INTELSAT 30 (IS-30)     
1 40271U 14062A   14341.56530712 -.00000157  00000-0  00000+0 0   634
2 40271   0.0057 256.7303 0002391 320.4657 327.5130  1.00273016   568
