MTI                     
1 26102U 00014A   14342.44474829  .00017239  00000-0  59157-3 0  7150
2 26102  97.4658 111.2857 0012568 347.7538  52.7525 15.30144179812637
CFESAT                  
1 30777U 07006F   14341.88496103  .00017989  00000-0  84333-3 0   437
2 30777  35.4267 130.7765 0003778 347.2020  12.8605 15.18870234426974
NFIRE                   
1 31140U 07014A   14341.68684266  .00018859  00000-0  46600-3 0  2386
2 31140  48.2183  20.5341 0015992 357.4121  96.3862 15.40281538432292
SPIRALE A               
1 33751U 09008C   14341.93205816  .00003435  00000-0  92335-3 0  6192
2 33751   2.0923 353.7631 5636552  56.2869  28.7897  4.57157518 68539
SPIRALE B               
1 33752U 09008D   14341.94365536  .00018236  00000-0  30036-2 0  4394
2 33752   1.9297  91.8631 7075770 204.6121  89.5112  2.55426466 50435
SAPPHIRE                
1 39088U 13009C   14342.15267294  .00000157  00000-0  72200-4 0  6491
2 39088  98.6093 175.5303 0011764 140.9412 219.2596 14.33962013 93221
