COSMOS 2361             
1 25590U 98076A   14341.90167274  .00000083  00000-0  73397-4 0  7756
2 25590  82.9356  77.5813 0030213 287.6823 211.6434 13.72867480799385
COSMOS 2378             
1 26818U 01023A   14341.90441592  .00000041  00000-0  27472-4 0  9168
2 26818  82.9268 100.6920 0031814 245.0525 114.7332 13.73860078676890
COSMOS 2389             
1 27436U 02026A   14341.76893001  .00000044  00000-0  29404-4 0  5121
2 27436  82.9514  43.6105 0047800 123.7921  15.6669 13.74860909628710
COSMOS 2398             
1 27818U 03023A   14342.17286438  .00000078  00000-0  68698-4 0  4763
2 27818  82.9475 356.0182 0032608 121.0982 239.3383 13.72089337576495
COSMOS 2407             
1 28380U 04028A   14342.04553859  .00000084  00000-0  70170-4 0  3207
2 28380  82.9593 310.8787 0040173 139.8101 220.6031 13.75982973521175
COSMOS 2414             
1 28521U 05002A   14342.42652749  .00000102  00000-0  72540-4 0  7362
2 28521  82.9486 345.5626 0041866  86.0555 274.5391 13.87518828500458
COSMOS 2429             
1 32052U 07038A   14342.23011582  .00000111  00000-0  99424-4 0  6246
2 32052  82.9818  66.9348 0039752 105.9791 254.5751 13.74830486363368
COSMOS 2454             
1 35635U 09039A   14342.44940501  .00000126  00000-0  90153-4 0  3056
2 35635  82.9553 337.0144 0020752  59.7289 300.5925 13.89545261273048
COSMOS 2463             
1 36519U 10017A   14341.80796334 -.00000088  00000-0 -11438-3 0  4315
2 36519  82.9596 101.5488 0034996 287.8739  71.8599 13.71360894231048
