SIRIUS-1                
1 26390U 00035A   14341.63167626 -.00000001  00000-0  00000+0 0  4174
2 26390  59.9196 238.2417 2691194 270.2499  59.4934  1.00278706 52881
SIRIUS-2                
1 26483U 00051A   14341.76691619  .00000024  00000-0  00000+0 0   342
2 26483  64.2800 117.9638 2713402 268.4400 232.0892  1.00277105 52223
SIRIUS-3                
1 26626U 00077A   14340.35822830 -.00000147  00000-0  00000+0 0  3894
2 26626  64.5094 357.8961 2691098 269.7916 200.6862  1.00273409 51349
XM-2 (ROCK)             
1 26724U 01012A   14341.43815334 -.00000252  00000-0  00000+0 0  9796
2 26724   0.2453  63.9641 0002391 253.4277  42.5995  0.99081936 50320
XM-1 (ROLL)             
1 26761U 01018A   14342.24504472 -.00000028  00000-0  10000-3 0  8583
2 26761   0.1392 251.2046 0003539 333.4667 185.2384  1.00272432 49826
XM-3 (RHYTHM)           
1 28626U 05008A   14341.55951330 -.00000211  00000-0  10000-3 0  7819
2 28626   0.0159 211.0905 0000168 260.6168  80.8873  1.00273270 35850
XM-4 (BLUES)            
1 29520U 06049A   14342.24504454 -.00000028  00000-0  00000+0 0  4006
2 29520   0.0227 170.6235 0000094 134.6724 104.6256  1.00273201 29804
O3B FM5                 
1 39188U 13031A   14340.20030758 -.00000027  00000-0  00000+0 0  1355
2 39188   0.0370 337.8240 0003482 280.7399 101.3992  5.00116373 26440
O3B FM4                 
1 39189U 13031B   14342.39760142 -.00000028  00000-0  00000+0 0  1244
2 39189   0.0385  11.1449 0004422 181.4910 167.3545  5.00116050 26551
O3B FM2                 
1 39190U 13031C   14341.69848572 -.00000028  00000-0  00000+0 0  1400
2 39190   0.0374  19.5405 0005112 166.0147 174.4412  5.00116739 26515
O3B PFM                 
1 39191U 13031D   14337.50204541 -.00000024  00000-0  00000+0 0  1303
2 39191   0.0339 351.0555 0003536 263.6147 105.2938  5.00117080 26312
O3B FM3                 
1 40079U 14038A   14338.66797067 -.00000026  00000-0  10000-3 0   515
2 40079   0.0338 355.9266 0003858 289.2779  74.7556  5.00115595  7350
O3B FM7                 
1 40080U 14038B   14342.36587465 -.00000028  00000-0  00000+0 0   403
2 40080   0.0358   0.7789 0002839 267.8191  91.3709  5.00116285  7562
O3B FM6                 
1 40081U 14038C   14338.33481678 -.00000025  00000-0  00000+0 0   435
2 40081   0.0349 357.8587 0002663 261.2612 100.8529  5.00116029  7366
O3B FM8                 
1 40082U 14038D   14340.43355545 -.00000027  00000-0  00000+0 0   491
2 40082   0.0369   4.8470 0003908 245.9138 109.1991  5.00116101  7449
