CALSPHERE 1             
1 00900U 64063C   14341.32161532  .00000633  00000-0  68295-3 0  4893
2 00900  90.1386 357.7708 0026620   9.2257 350.9390 13.72191739493408
CALSPHERE 2             
1 00902U 64063E   14341.04575891  .00000031  00000-0  32914-4 0   754
2 00902  90.1414   0.1250 0017797 201.9615 216.6973 13.52594534287557
LCS 1                   
1 01361U 65034C   14339.78932200  .00000008  00000-0  00000+0 0  5858
2 01361  32.1425  96.2350 0013248 351.7354 181.3024  9.89287665793177
TEMPSAT 1               
1 01512U 65065E   14340.35422962  .00000069  00000-0  11964-3 0  1414
2 01512  89.7972 259.6875 0069705 190.1761 293.0545 13.33360158398884
CALSPHERE 4(A)          
1 01520U 65065H   14342.22576078  .00000108  00000-0  19094-3 0  3282
2 01520  90.1184 113.6354 0070579  92.0415 343.7520 13.35614198401184
OPS 5712 (P/L 160)      
1 02826U 67053A   14341.85032870  .00004808  00000-0  13916-2 0  3373
2 02826  69.9312 233.1430 0009978 258.6721 101.3289 14.45016504455277
OPS 5712 (P/L 153)      
1 02874U 67053H   14341.86309292  .00000093  00000-0  10610-3 0  9111
2 02874  69.9739 131.5074 0010292 263.6594 248.5696 13.96184955419629
SURCAL 150B             
1 02909U 67053J   14342.16510627  .00007938  00000-0  18218-2 0  5752
2 02909  69.9522 344.3103 0007270 312.4546  47.5975 14.55802445462797
RIGIDSPHERE 2 (LCS 4)   
1 05398U 71067E   14341.98077666  .00000607  00000-0  21028-3 0  2338
2 05398  87.6232  60.3989 0066132  85.2969  39.5017 14.32905943270708
