RADUGA 1 [-]            
1 08513U 75123A   14339.00841008 -.00000095  00000-0  00000+0 0  6177
2 08513  11.8744 322.6203 0009669 157.7874  28.8153  1.00296761152705
RADUGA 2 [-]            
1 09416U 76092A   14341.62991451 -.00000219  00000-0  00000+0 0  1404
2 09416  12.4403 324.5724 0027554 264.2806 160.8031  1.00270031 87125
RADUGA 3 [-]            
1 10159U 77071A   14340.88733010 -.00000353  00000-0  00000+0 0  5920
2 10159  12.9357 326.9071 0012210 171.4648   0.5665  1.00326882134831
RADUGA 4 [-]            
1 10987U 78073A   14341.71980365 -.00000145  00000-0  00000+0 0  2311
2 10987  13.3851 329.7404 0011003 252.2754 193.7051  1.00194304 77382
RADUGA 5 [-]            
1 11343U 79035A   14341.02914579 -.00000079  00000-0  00000+0 0  4728
2 11343  13.7009 331.9621 0004567 144.3028  41.6674  1.00249121 87107
RADUGA 6 [-]            
1 11708U 80016A   14340.93192383 -.00000012  00000-0  00000+0 0  1931
2 11708  13.8877 334.3594 0005884 179.9841 321.7447  1.00204410 79936
RADUGA 7 [-]            
1 12003U 80081A   14339.32795529 -.00000220  00000-0  00000+0 0  7155
2 12003  13.9570 335.9578 0012898 200.6337 350.2338  1.00270169 81180
RADUGA 8 [-]            
1 12351U 81027A   14340.96576319 -.00000209  00000-0  00000+0 0  1182
2 12351  14.2302 336.8481 0089014 149.6787  18.2710  1.00417973 80271
RADUGA 9 [-]            
1 12618U 81069A   14342.11089940  .00000119  00000-0  00000+0 0  2812
2 12618  14.2769 338.8473 0002766 160.0567  13.9019  1.00250427 86122
RADUGA 10 [-]           
1 12897U 81102A   14341.75858988 -.00000167  00000-0  00000+0 0  6867
2 12897  14.3025 339.5422 0007234 143.2640 307.6500  1.00252505 75191
RADUGA 11 [-]           
1 13669U 82113A   14339.24077704 -.00000081  00000-0  00000+0 0  3163
2 13669  15.4406 349.9602 0043796 177.7825 223.5927  0.97707557 80371
RADUGA 12 [-]           
1 13974U 83028A   14340.94578515 -.00000177  00000-0  00000+0 0  4597
2 13974  14.7176 347.7252 0002666 181.3149 327.8370  1.00291941127152
RADUGA 13 [-]           
1 14307U 83088A   14341.53393735 -.00000043  00000-0  00000+0 0   643
2 14307  15.5087 351.7530 0013107 318.3656 221.4812  0.98172496 77607
RADUGA 14 [-]           
1 14725U 84016A   14340.07389556 -.00000100  00000-0  00000+0 0  5428
2 14725  14.6220 350.6765 0003858 135.9718  48.2219  1.00246093 75852
RADUGA 15 [-]           
1 15057U 84063A   14340.89015412 -.00000095  00000-0  00000+0 0  7094
2 15057  14.6480 351.6588 0005318 127.1904 352.0789  1.00165597 98869
RADUGA 16 [-]           
1 15946U 85070A   14340.55070367  .00000057  00000-0  00000+0 0  4772
2 15946  14.6888 355.8007 0004438 172.5420 293.3501  1.00257853 79998
RADUGA 17 [-]           
1 16250U 85107A   14340.78362156 -.00000033  00000-0  00000+0 0  5582
2 16250  14.6910 356.9170 0013358 126.5885 237.2042  1.00177961109623
RADUGA 18 [-]           
1 16497U 86007A   14339.23658310 -.00000110  00000-0  00000+0 0  4612
2 16497  15.2873 359.0708 0074112  91.6303 352.6219  0.98811171104294
RADUGA 19 [-]           
1 17046U 86082A   14336.29319024 -.00000020  00000-0  00000+0 0  7180
2 17046  15.3325   2.4814 0011339  96.7913 314.5479  0.98458875101458
RADUGA 20 [-]           
1 17611U 87028A   14341.80987862 -.00000156  00000-0  00000+0 0  2346
2 17611  17.0063   5.9490 0026365  70.3826 297.4315  0.95962876 97908
RADUGA 21 [-]           
1 18631U 87100A   14338.25528846 -.00000313  00000-0  00000+0 0  1522
2 18631  15.2070   4.7624 0003932 140.6105 329.3440  1.00274762 98835
RADUGA 22 [-]           
1 19596U 88095A   14340.85043437  .00000116  00000-0  00000+0 0  8071
2 19596  14.7704   8.1931 0005888 111.0329 296.7808  1.00349095 79482
RADUGA 23 [-]           
1 19928U 89030A   14340.67910531  .00000116  00000-0  00000+0 0  6481
2 19928  14.7210   9.8504 0020974  96.9640 245.9286  1.00307128 92625
RADUGA-1 1 [-]          
1 20083U 89048A   14340.51032881 -.00000099  00000-0  00000+0 0  6098
2 20083  15.1820  12.2749 0018278  50.1030 299.2901  0.98706899 89704
RADUGA 24 [-]           
1 20367U 89098A   14340.95517053 -.00000312  00000-0  00000+0 0  8477
2 20367  15.0168  12.5840 0004516 158.0775 345.4088  1.00318588 90825
RADUGA 25 [-]           
1 20499U 90016A   14342.24353957 -.00000291  00000-0  00000+0 0   995
2 20499  14.7298  12.8980 0004668 154.5616 315.9132  1.00231516 90740
RADUGA 26 [-]           
1 21016U 90112A   14339.44306289 -.00000280  00000-0  00000+0 0  4185
2 21016  14.6751  16.0574 0002401  47.3627 263.8253  1.00246401 88019
RADUGA-1 2 [-]          
1 21038U 90116A   14340.95430623 -.00000331  00000-0  00000+0 0  9813
2 21038  14.7043  16.1737 0004454  55.1445  88.3369  1.00283095 87696
RADUGA 27 [-]           
1 21132U 91014A   14340.61547176 -.00000324  00000-0  00000+0 0  8597
2 21132  15.2158  16.6431 0002105 131.8307 245.7030  1.00366424 87085
RADUGA 28 [-]           
1 21821U 91087A   14341.52732361 -.00000379  00000-0  00000+0 0  7853
2 21821  14.5993  19.5430 0005146  87.7038 273.7055  1.00241253 84142
RADUGA 29 [-]           
1 22557U 93013A   14341.78051957 -.00000135  00000-0  00000+0 0  3209
2 22557  14.3178  23.7155 0003011  77.1829 336.4019  1.00160108 79480
RADUGA 30 [-]           
1 22836U 93062A   14338.67524672 -.00000062  00000-0  00000+0 0  3979
2 22836  14.1448  25.5144 0005228 182.8132 177.2661  1.00272192 77534
RADUGA-1 3 [-]          
1 22981U 94008A   14340.02689965  .00000075  00000-0  00000+0 0  7999
2 22981  14.0873  26.7487 0003022 138.1141 329.9126  1.00292040 76280
RADUGA 31 [-]           
1 23010U 94012A   14340.97141181 -.00000111  00000-0  00000+0 0  3465
2 23010  14.0569  26.6862 0002389  91.4012  23.4862  1.00205052 76128
RADUGA 32 [-]           
1 23448U 94087A   14338.98085384 -.00000069  00000-0  00000+0 0  8672
2 23448  13.7393  29.2344 0009431 158.2654 309.3708  1.00270406 90707
RADUGA-1 4 [-]          
1 25642U 99010A   14341.85521347  .00000094  00000-0  00000+0 0  9651
2 25642  12.9565  42.0471 0005414 156.6189 235.7977  1.00210172 57766
RADUGA-1 5 [-]          
1 26477U 00049A   14340.91739535 -.00000329  00000-0  00000+0 0  8772
2 26477  10.5821  43.1130 0001851 121.6923 343.2810  1.00242297 52270
RADUGA-1 6 [-]          
1 26936U 01045A   14339.32418029 -.00000125  00000-0  00000+0 0  7676
2 26936  10.0794  48.0664 0018315 101.6883 347.5686  0.97744748 47406
RADUGA-1 7 [-]          
1 28194U 04010A   14340.63724747  .00000134  00000-0  00000+0 0  9583
2 28194   8.2203  55.7612 0004248 116.6398 164.4628  1.00209130 39187
RADUGA-1M 1 [-]         
1 32373U 07058A   14340.44231361  .00000070  00000-0  00000+0 0  8629
2 32373   1.2208  76.4030 0001302 160.9682 208.4075  0.99397321 26468
RADUGA-1 8 [+]          
1 34264U 09010A   14341.81002346  .00000069  00000-0  10000-3 0  6879
2 34264   3.9081  78.8471 0000845 179.4061 121.2166  1.00269440 21134
RADUGA-1M 2 [+]         
1 36358U 10002A   14341.95352454 -.00000189  00000-0  10000-3 0  4435
2 36358   0.0071 318.8807 0002705 323.4543 222.5635  1.00272329 17805
RADUGA-1M 3 [+]         
1 39375U 13062A   14340.83694235 -.00000045  00000-0  10000-3 0  4046
2 39375   0.0373  72.2593 0002968 203.4509 171.1369  1.00272118  3911
