SCD 1                   
1 22490U 93009B   14342.01356581  .00000433  00000-0  70977-4 0  5553
2 22490  24.9684 221.9262 0043251 321.7997 167.9235 14.44213194152137
TRMM                    
1 25063U 97074A   14341.67581270  .00052096  00000-0  50615-3 0  8173
2 25063  34.9545  67.5845 0002508 128.4741 358.3597 15.65168987971783
TECHSAT 1B (GO-32)      
1 25397U 98043D   14342.36254095  .00000099  00000-0  62003-4 0  5155
2 25397  98.4949 294.0636 0002113 133.8505  28.8513 14.23493322852648
SCD 2                   
1 25504U 98060A   14341.59766811  .00000437  00000-0  74125-4 0  8520
2 25504  24.9972  61.9378 0017601   4.9209 132.2850 14.43774585851456
LANDSAT 7               
1 25682U 99020A   14342.16580402  .00000765  00000-0  17983-3 0  8676
2 25682  98.2229  49.5317 0000622 106.6518 253.4754 14.57113644832327
DLR-TUBSAT              
1 25757U 99029B   14342.17377513  .00000459  00000-0  12708-3 0   386
2 25757  98.4720 234.9732 0013622 236.6602 123.3282 14.51211880822731
QUIKSCAT                
1 25789U 99034A   14342.18020977  .00000073  00000-0  47815-4 0   578
2 25789  98.6103 169.0228 0001286 141.4557 343.1188 14.27142211805671
IKONOS 2                
1 25919U 99051A   14342.51773804  .00000837  00000-0  16706-3 0  1699
2 25919  98.1030  54.4871 0000940  34.0848 326.0427 14.64421470812826
TERRA                   
1 25994U 99068A   14342.52251254  .00000746  00000-0  17548-3 0  8973
2 25994  98.2104  54.7566 0000751  93.8087 266.3201 14.57122494796456
EO-1                    
1 26619U 00075A   14342.50027022  .00001614  00000-0  31830-3 0  2193
2 26619  97.9591  33.5075 0010732 139.7952 220.4065 14.63730663748667
SAC-C                   
1 26620U 00075B   14341.84825860  .00000677  00000-0  15686-3 0  3894
2 26620  98.0082 300.5299 0001383 110.3878 281.0844 14.58033511746843
EROS A1                 
1 26631U 00079A   14342.45348498  .00032160  00000-0  11866-2 0    80
2 26631  97.5677  63.1945 0007133 336.8676  79.6578 15.27690618777291
QUICKBIRD 2             
1 26953U 01047A   14342.45094402  .00216541  00000-0  80432-3 0  3510
2 26953  97.0932  51.2709 0002378 242.3308 236.8678 15.87518428738943
TES                     
1 26957U 01049A   14342.49984031  .00006694  00000-0  45227-3 0  3166
2 26957  97.6944  66.1326 0042049 290.7365  68.9349 15.06185365719427
BADR-B                  
1 27003U 01056C   14342.04080387  .00000000  00000-0  48069-4 0  7863
2 27003  99.2160 138.7559 0019955 213.4169 264.8171 13.70189473649814
MAROC-TUBSAT            
1 27004U 01056D   14340.44971479 -.00000017  00000-0  28111-4 0  4173
2 27004  99.2207 136.5021 0019449 219.4215 215.0092 13.70094484649551
SPOT 5                  
1 27421U 02021A   14342.52723486  .00000207  00000-0  11697-3 0  1978
2 27421  98.5426  39.9262 0000996  87.0072  20.0790 14.20120473653063
AQUA                    
1 27424U 02022A   14342.00511755  .00000845  00000-0  19773-3 0  2094
2 27424  98.2202 280.6136 0001621  90.7517 334.7621 14.57094142669980
IRS-P6 (RESOURCESAT-1)  
1 28051U 03046A   14342.49569108 -.00000651  00000-0 -27677-3 0  7685
2 28051  98.7105  58.5662 0004706 112.6554 247.5108 14.21623359578329
TANSUO 1 (TS 1)         
1 28220U 04012A   14342.20543487  .00006460  00000-0  58335-3 0    15
2 28220  97.5735 302.3432 0011336  15.9782 111.3557 14.95771932578398
FORMOSAT-2 (ROCSAT 2)   
1 28254U 04018A   14342.50743765  .00000105  00000-0  10000-3 0  8130
2 28254  99.0241  45.2731 0002684 146.0192 328.5520 14.00774035539567
AURA                    
1 28376U 04026A   14341.72358156  .00001356  00000-0  31097-3 0  4249
2 28376  98.2187 282.4975 0001044  33.8208 326.3030 14.57121836552998
PARASOL                 
1 28498U 04049G   14341.76971735  .00000899  00000-0  16707-3 0  1404
2 28498  98.5151 338.9250 0014816 317.0724  42.9322 14.67698880530979
IRS-P5 (CARTOSAT-1)     
1 28649U 05017A   14342.49104303 -.00000306  00000-0 -30907-4 0  8713
2 28649  97.8196  53.0192 0002258 109.3216 250.8260 14.83465873519333
TOPSAT                  
1 28891U 05043B   14342.50554055  .00000658  00000-0  14331-3 0  1405
2 28891  97.8164 170.0797 0016927 179.2241 180.9002 14.60820127485768
SINAH 1                 
1 28893U 05043D   14342.17517524  .00000300  00000-0  70069-4 0  1674
2 28893  97.8192 172.8217 0015777 177.5501 318.5095 14.60937606485807
EROS B                  
1 29079U 06014A   14342.46691942  .00020362  00000-0  93817-3 0  6961
2 29079  97.4566  98.0224 0014477  18.8325  45.4283 15.20219286478114
RESURS-DK 1             
1 29228U 06021A   14342.39578674  .00001676  00000-0  13829-3 0  4985
2 29228  69.9393 281.8465 0007389 293.0348  67.0042 15.01055572469711
ARIRANG-2 (KOMPSAT-2)   
1 29268U 06031A   14342.53430050  .00001073  00000-0  22502-3 0  2595
2 29268  98.1765 239.5182 0018809  17.2967 342.8868 14.61604898446328
LAPAN-TUBSAT            
1 29709U 07001A   14342.43557811  .00000936  00000-0  12558-3 0  7713
2 29709  97.6203 341.4838 0011675 228.6868 131.3348 14.81530576427474
CARTOSAT-2 (IRS-P7)     
1 29710U 07001B   14342.53101739  .00001256  00000-0  17824-3 0  7717
2 29710  97.9217  39.7647 0001381 184.1126 176.0088 14.78678048426991
HAIYANG-1B              
1 31113U 07010A   14342.40797715  .00000483  00000-0  20582-3 0  4890
2 31113  98.7039  29.3760 0013546 299.0435  60.9389 14.29652054399739
COSMO-SKYMED 1          
1 31598U 07023A   14342.52190901  .00000446  00000-0  62609-4 0  3365
2 31598  97.8774 164.3207 0001204  71.3542 288.7808 14.82158492405927
TERRASAR-X              
1 31698U 07026A   14342.42587874  .00000188  00000-0  12124-4 0  2119
2 31698  97.4441 347.2449 0001550  92.7294  13.4007 15.19153304414933
WORLDVIEW-1 (WV-1)      
1 32060U 07041A   14342.47539356  .00009312  00000-0  38594-3 0   919
2 32060  97.8722  63.0342 0003515 174.3178 316.4002 15.24133781401838
YAOGAN 3                
1 32289U 07055A   14342.50148842  .00001387  00000-0  18066-3 0  8461
2 32289  97.9518 333.1999 0001717 100.5698 259.5693 14.82190498382342
COSMO-SKYMED 2          
1 32376U 07059A   14342.55567134 -.00001041  00000-0 -12422-3 0  7879
2 32376  97.8774 164.3522 0001215  85.5545 274.5805 14.82150802378672
RADARSAT-2              
1 32382U 07061A   14342.46553137  .00000214  00000-0  10000-3 0  6314
2 32382  98.5764 347.4754 0000981  92.8111  73.3320 14.29985846364561
CARTOSAT-2A             
1 32783U 08021A   14342.50814457  .00001055  00000-0  15074-3 0  3616
2 32783  97.9180  39.6681 0013489  61.3863 298.8710 14.78674169356938
IMS-1                   
1 32786U 08021D   14342.43259797  .00003303  00000-0  41408-3 0  8210
2 32786  97.6822  20.3178 0012849   7.9129 352.2283 14.82805118357351
JASON 2 (OSTM)          
1 33105U 08032A   14341.96091113 -.00000044  00000-0  72225-4 0  1115
2 33105  66.0412 237.2675 0007552 272.2773 218.0449 12.80932103302477
RAPIDEYE 2              
1 33312U 08040A   14342.51151910  .00001134  00000-0  15707-3 0  9960
2 33312  97.8855  67.7225 0013457 101.7947 258.4774 14.79853409339051
RAPIDEYE 5              
1 33313U 08040B   14342.53625568  .00002359  00000-0  31901-3 0  9546
2 33313  97.8756  66.2623 0017308 344.1618  15.9083 14.79852595339004
RAPIDEYE 1              
1 33314U 08040C   14342.52442949 -.00000179  00000-0 -16641-4 0   159
2 33314  97.8847  67.5879 0027062 116.6419 243.5743 14.79898238339042
RAPIDEYE 3              
1 33315U 08040D   14342.49488932  .00001290  00000-0  17773-3 0  9729
2 33315  97.8737  65.9915 0013752  55.0630 305.1873 14.79856785339002
RAPIDEYE 4              
1 33316U 08040E   14342.48072379  .00001482  00000-0  20317-3 0  9487
2 33316  97.8723  65.6715 0012494   6.5135 353.6238 14.79852349338998
HUANJING 1A (HJ-1A)     
1 33320U 08041A   14342.48420774  .00002049  00000-0  30561-3 0  9177
2 33320  98.0590  40.3303 0027857 110.8990 249.5202 14.75684541336780
HUANJING 1B (HJ-1B)     
1 33321U 08041B   14342.45386921  .00002195  00000-0  32543-3 0  9624
2 33321  98.0621  40.9786 0036483 126.9149 233.5398 14.75681294336765
GEOEYE 1                
1 33331U 08042A   14342.50638500  .00000896  00000-0  17867-3 0  8767
2 33331  98.1291  55.2395 0008388 281.1786  78.8484 14.64318695334224
THEOS                   
1 33396U 08049A   14342.40549269  .00000178  00000-0  10389-3 0  7019
2 33396  98.6906  47.3805 0000849  97.7976  31.1141 14.20036928320659
COSMO-SKYMED 3          
1 33412U 08054A   14342.54297564 -.00001778  00000-0 -21692-3 0  7701
2 33412  97.8776 164.3399 0001440  70.3376 289.7853 14.82154634331130
YAOGAN 4                
1 33446U 08061A   14342.53963552  .00001202  00000-0  18267-3 0  6424
2 33446  97.6672  16.1012 0018278  59.1152 301.1865 14.75613293324058
GOSAT (IBUKI)           
1 33492U 09002A   14342.40632120  .00000006  00000-0  94239-5 0  1826
2 33492  98.0638  89.1729 0000932  73.5430 286.5872 14.67550031314636
YAOGAN 6                
1 34839U 09021A   14342.48989823  .00006161  00000-0  27420-3 0  2810
2 34839  97.2695  52.2150 0031537 342.0965  74.1257 15.21374167312199
RAZAKSAT                
1 35578U 09037A   14342.39774255  .00001558  00000-0  17752-3 0  6871
2 35578   8.9966  21.7433 0017701  13.7377 346.3292 14.66306898289900
DEIMOS-1                
1 35681U 09041A   14342.53825123  .00005086  00000-0  84042-3 0  9620
2 35681  97.9858 234.6246 0001222  57.5622 302.5728 14.70799193287602
DUBAISAT-1              
1 35682U 09041B   14342.50195754  .00001152  00000-0  20963-3 0  9428
2 35682  97.9247 222.7513 0011284 207.9746 152.0870 14.67878865286950
OCEANSAT 2              
1 35931U 09051A   14341.91696986  .00000713  00000-0  19187-3 0  2468
2 35931  98.2740  73.9457 0002877 132.1730   1.5984 14.50843810275723
WORLDVIEW-2 (WV-2)      
1 35946U 09055A   14342.51572222  .00000296  00000-0  11257-3 0  7518
2 35946  98.4082  57.1982 0000554  93.7172 266.4085 14.37808032271079
SMOS                    
1 36036U 09059A   14341.94006045  .00000317  00000-0  11506-3 0  5322
2 36036  98.4419 166.7633 0000921  86.1091 274.0202 14.39770242267915
YAOGAN 7                
1 36110U 09069A   14342.52348503  .00001557  00000-0  23873-3 0  5551
2 36110  98.0862 118.5422 0024560 179.0217 181.1035 14.74896712269008
TANDEM-X                
1 36605U 10030A   14342.55633374  .00002657  00000-0  12960-3 0  7599
2 36605  97.4435 347.4151 0001505  62.8753  35.6628 15.19167077247693
CARTOSAT 2B             
1 36795U 10035A   14342.40803132  .00001485  00000-0  20931-3 0  9383
2 36795  97.9231  38.7290 0015614 129.7488 230.5107 14.78654702237967
YAOGAN 10               
1 36834U 10038A   14342.45497075  .00001335  00000-0  17451-3 0  8162
2 36834  97.8791 335.9894 0001381  99.9647 260.1716 14.82083257234085
COSMO-SKYMED 4          
1 37216U 10060A   14342.43749045  .00000189  00000-0  30256-4 0  5495
2 37216  97.8784 164.2341 0001211  36.4366 323.6754 14.82162499221201
SAC-D                   
1 37673U 11024A   14342.10371609  .00000566  00000-0  97185-4 0  1156
2 37673  98.0124 346.8283 0001647 105.2138 296.9775 14.72352111187822
HAIYANG 2A              
1 37781U 11043A   14342.42329580 -.00000667  00000-0 -60696-3 0  5438
2 37781  99.3515 350.8989 0000052 241.4689 118.6473 13.79298241166934
RASAT                   
1 37791U 11044D   14342.42535596  .00000828  00000-0  16605-3 0  7155
2 37791  98.1720  67.2655 0022845 137.6118 222.6856 14.64168890176861
MEGHA-TROPIQUES         
1 37838U 11058A   14342.00359138  .00000465  00000-0  11321-3 0  8048
2 37838  19.9784 310.6954 0010276  31.6917 328.4105 14.09698229162822
SRMSAT                  
1 37841U 11058D   14342.22526877  .00000429  00000-0  91564-4 0  7522
2 37841  19.9724 302.9202 0012120  35.5575  83.7932 14.10413988162955
YAOGAN 13               
1 37941U 11072A   14342.41218814  .00010659  00000-0  52849-3 0  5020
2 37941  97.4456 266.7921 0001789 136.9342   1.6634 15.17909777167824
PLEIADES 1A             
1 38012U 11076F   14342.47531552  .00000797  00000-0  18117-3 0  3364
2 38012  98.1825  54.9243 0001026  81.1628 278.9687 14.58585712158503
ZIYUAN 1-02C (ZY 1-02C) 
1 38038U 11079A   14342.47909414  .00000524  00000-0  19760-3 0  3544
2 38038  98.4521  54.6662 0001042  68.8571 291.2728 14.35415091155278
ZIYUAN 3 (ZY 3)         
1 38046U 12001A   14342.43148449  .00010637  00000-0  47757-3 0  3305
2 38046  97.3885  55.9527 0003767 143.0642 278.9106 15.21345013161814
RISAT 1                 
1 38248U 12017A   14342.49316586  .00003092  00000-0  19965-3 0  9528
2 38248  97.5618 347.1673 0003112  21.6682 137.5894 15.08987974144246
ARIRANG-3 (KOMPSAT-3)   
1 38338U 12025B   14342.46664030  .00001087  00000-0  22728-3 0  4779
2 38338  98.1102 278.4602 0011465 331.0641  28.9903 14.61744097136556
SPOT 6                  
1 38755U 12047A   14342.42281517  .00000770  00000-0  17534-3 0  5674
2 38755  98.1799  47.3351 0000877  82.8103 277.3196 14.58577591119570
PLEIADES 1B             
1 39019U 12068A   14342.44109060  .00000791  00000-0  17974-3 0  3326
2 39019  98.1860  54.9374 0001050  84.1614 275.9700 14.58588393107358
GOKTURK 2               
1 39030U 12073A   14342.42018797  .00000745  00000-0  14803-3 0  2189
2 39030  98.0888 235.7494 0015439 159.9507 200.2291 14.64908764105359
LANDSAT 8               
1 39084U 13008A   14342.27001325  .00000765  00000-0  17980-3 0  6713
2 39084  98.2047  50.0637 0000628  87.7838 272.3428 14.57126881 96808
SARAL                   
1 39086U 13009A   14341.32608938 -.00000498  00000-0 -16865-3 0  7351
2 39086  98.5411 166.9460 0001540 130.3943 229.7331 14.32252322 93017
GAOFEN 1                
1 39150U 13018A   14342.45420181  .00001418  00000-0  21053-3 0  7930
2 39150  98.0186  60.6321 0018980 141.2878 218.9694 14.76495842 87236
VNREDSAT 1              
1 39160U 13021B   14342.48641693  .00001217  00000-0  24698-3 0  8184
2 39160  98.1711  56.2921 0001125  75.5001 284.6318 14.62949322 84848
ARIRANG-5 (KOMPSAT-5)   
1 39227U 13042A   14342.53120819  .00003350  00000-0  24531-3 0  5182
2 39227  97.5975 166.2458 0006343 170.7120 266.3518 15.04227428 71119
SKYSAT-1                
1 39418U 13066C   14342.53618734  .00002720  00000-0  24289-3 0  1780
2 39418  97.7764  58.1311 0023326 130.7401 229.5847 14.96579286 57116
DUBAISAT-2              
1 39419U 13066D   14342.44714810  .00002917  00000-0  29071-3 0  1831
2 39419  97.7726  55.6496 0014815  96.3308 263.9594 14.92274215 56960
GPM-CORE                
1 39574U 14009C   14341.72209114  .00015735  00000-0  22452-3 0  3297
2 39574  65.0220 177.3403 0012022 273.9657  86.0117 15.56387836 44021
SENTINEL-1A             
1 39634U 14016A   14342.38427081  .00000076  00000-0  25920-4 0  7560
2 39634  98.1814 347.1903 0001222  78.7276 281.4059 14.59200417 36268
KAZEOSAT 1              
1 39731U 14024A   14342.38043981  .00000437  00000-0  14694-3 0  7049
2 39731  98.5073  53.5414 0000795  67.6642 292.4631 14.41963082 32045
ALOS-2                  
1 39766U 14029A   14342.48225606 -.00000542  00000-0 -65693-4 0  6256
2 39766  97.9210  77.0784 0001256  92.1035 268.0361 14.79465714 29328
KAZEOSAT 2              
1 40010U 14033A   14342.49833977  .00001143  00000-0  15057-3 0  5772
2 40010  97.9708 236.4999 0019519  38.3496 321.9095 14.81954171 25420
HODOYOSHI-4             
1 40011U 14033B   14342.43305082  .00002217  00000-0  30008-3 0  5392
2 40011  97.9685 235.7590 0028386  23.9982 336.2517 14.79734232 25379
DEIMOS-2                
1 40013U 14033D   14342.51706770  .00002734  00000-0  33964-3 0  5671
2 40013  97.9534 237.1898 0002433  79.7588 280.3858 14.83415194 25473
HODOYOSHI-3             
1 40015U 14033F   14342.31475490  .00001414  00000-0  20465-3 0  5310
2 40015  97.9678 234.9430 0038405  17.8521 342.4022 14.77212054 25329
SPOT 7                  
1 40053U 14034A   14342.45746206 -.00000046  00000-0  00000+0 0  5527
2 40053  98.1866  47.5465 0001301  71.0632 289.0718 14.58539508 23511
SKYSAT-2                
1 40072U 14037D   14342.46291421  .00001523  00000-0  20829-3 0  4845
2 40072  98.3830  40.9101 0007507 124.6739 235.5175 14.80117705 22581
WORLDVIEW-3 (WV-3)      
1 40115U 14048A   14342.44378403  .00001843  00000-0  22115-3 0  3876
2 40115  97.9771  52.6424 0001337  61.6753 298.4601 14.85255448 17316
YAOGAN 21               
1 40143U 14053A   14342.46506647  .00012753  00000-0  49366-3 0  3248
2 40143  97.4069  55.1290 0008146 282.1370 201.9152 15.26290577 13922
YAOGAN 22               
1 40275U 14063A   14342.46176970 -.00000044  00000-0  00000+0 0  1592
2 40275 100.3288  99.0593 0005950  18.5571 341.5759 13.15284757  6466
ASNARO                  
1 40298U 14070A   14342.45370602  .00015482  00000-0  72856-3 0  1023
2 40298  97.4769  61.5930 0001534 130.4174 358.8159 15.19641399  4881
HODOYOSHI-1             
1 40299U 14070B   14342.50576248  .00007322  00000-0  36909-3 0  1038
2 40299  97.4744  61.5140 0015073  78.7597  49.4773 15.17354137  4877
CHUBUSAT-1              
1 40300U 14070C   14342.55019898  .00008501  00000-0  45192-3 0  1044
2 40300  97.4723  61.4449 0024818  77.7739  46.0859 15.15254734  4870
QSAT-EOS                
1 40301U 14070D   14342.47366465  .00013912  00000-0  78225-3 0  1103
2 40301  97.4691  61.2339 0036107  76.4779  54.9940 15.12824411  4865
TSUBAME                 
1 40302U 14070E   14342.49871234  .00009959  00000-0  59360-3 0  1038
2 40302  97.4664  61.1351 0046427  76.8583 283.7824 15.10449831  4851
YAOGAN 23               
1 40305U 14071A   14342.45397017  .00010617  00000-0  52502-3 0   819
2 40305  97.3354 286.7574 0002309 126.8516  13.0021 15.17999738  3590
YAOGAN 24               
1 40310U 14072A   14342.51036309  .00001396  00000-0  20828-3 0   648
2 40310  97.9128  99.5977 0017742 157.9106 202.2880 14.76269102  2688
