SARSAT 7 (NOAA 15)      
1 25338U 98030A   14342.20420498  .00000188  00000-0  98272-4 0  4471
2 25338  98.7641 335.8293 0010575   9.1090 120.1557 14.25523398861635
GPS BIIR-07             
1 26690U 01004A   14342.15279525  .00000040  00000-0  00000+0 0  4671
2 26690  53.0192 196.3536 0156978 245.5985  59.5257  2.00554322101527
METEOSAT-8 (MSG-1)      
1 27509U 02040B   14342.11014473  .00000016  00000-0  00000+0 0  2498
2 27509   3.1833  61.7070 0002716 181.0092 237.3415  1.00275203 45049
GPS BIIR-08             
1 27663U 03005A   14342.22973848 -.00000076  00000-0  00000+0 0  8979
2 27663  56.6929  20.7606 0077654  11.1363  84.9222  2.00559746 86883
INSAT 3A                
1 27714U 03013A   14340.91946240 -.00000264  00000-0  00000+0 0  6523
2 27714   0.0063  27.5813 0002227 158.2097 314.3779  1.00270835 42739
GPS BIIR-11             
1 28190U 04009A   14341.74518093 -.00000045  00000-0  00000+0 0  3569
2 28190  55.4484  82.6166 0106245  28.2185 353.2107  2.00563424 78557
GPS BIIR-12             
1 28361U 04023A   14342.12147825 -.00000026  00000-0  00000+0 0  1634
2 28361  54.4279 257.6154 0097666 205.4103 236.9087  2.00561095 76648
GPS BIIR-13             
1 28474U 04045A   14341.94498583  .00000015  00000-0  00000+0 0   661
2 28474  53.8685 135.6297 0142009 225.3946  93.7018  2.00556614 74000
SARSAT 10 (NOAA 18)     
1 28654U 05018A   14342.28107825  .00000058  00000-0  56841-4 0  3609
2 28654  99.1684 325.4504 0015078 133.8857 350.0478 14.12113507492134
GPS BIIR-14M            
1 28874U 05038A   14341.93739043 -.00000046  00000-0  00000+0 0  2999
2 28874  55.6155  79.7343 0100631 241.9222 178.5881  2.00562277 67400
MSG-2                   
1 28912U 05049B   14342.30185553  .00000059  00000-0  00000+0 0  3788
2 28912   0.5105  38.4976 0001935 198.5773 317.9850  1.00277392 32896
GOES 13                 
1 29155U 06018A   14341.32186578 -.00000256  00000-0  00000+0 0  4505
2 29155   0.1842  96.8838 0001196  37.7026 342.5361  1.00276756 31308
SARSAT 11 (METOP-A)     
1 29499U 06044A   14342.00834499  .00000133  00000-0  80911-4 0  5310
2 29499  98.7031  39.3510 0001226  63.1243  61.9133 14.21493626422126
GPS BIIR-16M            
1 29601U 06052A   14341.65021431 -.00000075  00000-0  00000+0 0  5310
2 29601  56.6603  19.7160 0049333  25.8664 150.2692  2.00553399 59020
GPS BIIR-17M            
1 32260U 07047A   14342.09276054 -.00000024  00000-0  00000+0 0  4449
2 32260  53.5615 254.7735 0069067  16.7875 243.7515  2.00546197 52429
GPS BIIR-18M            
1 32384U 07062A   14341.66225821 -.00000047  00000-0  00000+0 0  4750
2 32384  55.6609  80.2731 0013756 303.2762 145.9211  2.00573944 51147
SARSAT 12 (NOAA 19)     
1 33591U 09005A   14342.28408752  .00000335  00000-0  20827-3 0  4904
2 33591  98.9669 286.9677 0013821 352.8344 168.5232 14.11824211300554
GOES 14                 
1 35491U 09033A   14342.59597017 -.00000085  00000-0  00000+0 0  7513
2 35491   0.1649 263.5947 0012739 308.7576 333.2325  1.00266258 19964
GOES 15                 
1 36411U 10008A   14342.62523824  .00000086  00000-0  00000+0 0  3964
2 36411   0.2073 260.8042 0002576 344.0296 282.1956  1.00268163 17489
ELEKTRO-L 1             
1 37344U 11001A   14341.79921030 -.00000101  00000-0  00000+0 0  1611
2 37344   0.5841  80.8326 0001183 202.0580 157.3091  1.00264929 14260
GLONASS-K 1             
1 37372U 11009A   14341.71112832 -.00000017  00000-0  00000+0 0  1395
2 37372  65.0008  95.8970 0008038 222.7717 117.7283  2.13103007 29386
GPS BIIF-2              
1 37753U 11036A   14342.08797550  .00000020  00000-0  00000+0 0  2670
2 37753  55.0957 137.5631 0036361  22.0858 160.6724  2.00563744 24865
LUCH 5A                 
1 37951U 11074B   14342.33912383 -.00000048  00000-0  00000+0 0  8467
2 37951   2.5933 243.7006 0003506 358.9162 123.4418  1.00270618 10985
MSG-3                   
1 38552U 12035B   14340.03113597 -.00000012  00000-0  00000+0 0  1754
2 38552   0.5104 155.2398 0000329 350.3575 300.0515  1.00267038  8997
SARSAT 13 (METOP-B)     
1 38771U 12049A   14342.09112489  .00000301  00000-0  15752-3 0  6714
2 38771  98.7286  39.5490 0001989  59.6890 300.4488 14.21486303115277
GPS BIIF-3              
1 38833U 12053A   14341.82256924 -.00000083  00000-0  00000+0 0  8391
2 38833  54.7305 316.4671 0026656   7.5765 352.4506  2.00561252 15929
GSAT0103 (GALILEO-FM3)  
1 38857U 12055A   14338.04029752  .00000028  00000-0  00000+0 0  3254
2 38857  55.0360 217.7493 0001422 197.6781 162.4111  1.70473884 13342
GSAT0104 (GALILEO-FM4)  
1 38858U 12055B   14338.56161423  .00000030  00000-0  00000+0 0  3235
2 38858  55.0367 217.7332 0000807 155.8416 204.2589  1.70473997 13304
GPS BIIF-4              
1 39166U 13023A   14342.17374804 -.00000047  00000-0  10000-3 0  5961
2 39166  55.3199  77.0467 0015507   6.6539 353.3714  2.00562545 11453
INSAT-3D                
1 39216U 13038B   14341.08319321 -.00000162  00000-0  00000+0 0  7195
2 39216   0.0391 253.5932 0001830 338.7426 315.4651  1.00270425  5089
GPS BIIF-5              
1 39533U 14008A   14341.67249280 -.00000085  00000-0  00000+0 0  3343
2 39533  54.8683 321.6116 0010218 195.2518 164.7086  2.00568844  5815
LUCH 5V                 
1 39727U 14023A   14341.67912769 -.00000274  00000-0  00000+0 0  1869
2 39727   4.4065 301.7705 0003557 331.2506 142.7048  1.00264675520310
GPS BIIF-6              
1 39741U 14026A   14341.95420102  .00000019  00000-0  00000+0 0  2197
2 39741  55.0897 137.0784 0004282 148.1516 211.8448  2.00566984  4105
GPS BIIF-7              
1 40105U 14045A   14342.04538210 -.00000025  00000-0  00000+0 0  1215
2 40105  54.9397 257.0341 0003043 224.5659 135.4548  2.00559798  2551
GSAT0201                
1 40128U 14050A   14341.81709805 -.00000067  00000-0  00000+0 0   754
2 40128  49.6952  82.2648 1559796  29.6178 338.3416  1.85520293  2169
GSAT0202                
1 40129U 14050B   14341.22235033 -.00000075  00000-0  00000+0 0   666
2 40129  49.7495  81.9923 2329506  30.0118 341.4619  2.04800785  2181
GPS BIIF-8              
1 40294U 14068A   14334.89668752  .00000055  00000-0  00000+0 0   219
2 40294  54.9751 197.4560 0008330 200.2465 159.8025  1.97605085   637
