AOR-E (EGNOS/PRN 120)   
1 24307U 96053A   14342.15407199 -.00000128  00000-0  00000+0 0  5222
2 24307   0.7485  82.5539 0007223 167.6115 226.6247  1.00270870 66832
ARTEMIS (EGNOS/PRN 124) 
1 26863U 01029A   14341.74723199  .00000105  00000-0  00000+0 0  8671
2 26863  11.5480  43.2731 0005685 200.3883 123.2599  1.00276580 50201
MTSAT-1R (MSAS/PRN 129) 
1 28622U 05006A   14341.82570361 -.00000286  00000-0  00000+0 0  3266
2 28622   0.0646 130.4193 0003074 170.4689 212.7922  1.00271398 35800
CRE (WAAS/PRN 138)      
1 28868U 05036A   14341.56215275 -.00000080  00000-0  00000+0 0  7257
2 28868   0.0196  12.5667 0001484 271.3669 247.3986  1.00271833 33941
CRW (WAAS/PRN 135)      
1 28884U 05041A   14340.39209150  .00000072  00000-0  00000+0 0  8695
2 28884   0.0137 351.4492 0002307 274.7506 177.0623  1.00272579 33458
IOR-W (EGNOS/PRN 126)   
1 28899U 05044A   14340.02646078  .00000129  00000-0  00000+0 0  5946
2 28899   2.4128 358.9541 0003036 250.1157 220.2997  1.00274078 33289
MTSAT-2 (MSAS/PRN 137)  
1 28937U 06004A   14340.34383795 -.00000249  00000-0  00000+0 0  7637
2 28937   0.0409  76.4080 0003177 172.3771  95.0733  1.00271948 32199
AMR (WAAS/PRN 133)      
1 33278U 08039A   14340.99342308 -.00000146  00000-0  00000+0 0  9994
2 33278   3.0049 352.6815 0003055 254.9087  87.7385  1.00270882 23088
QZS-1 (QZSS/PRN 183)    
1 37158U 10045A   14342.48229362 -.00000118  00000-0  00000+0 0  9275
2 37158  40.5964 172.7653 0746723 269.9715 304.2863  1.00288188 15539
GSAT-8 (GAGAN/PRN 127)  
1 37605U 11022A   14340.58984203  .00000078  00000-0  10000-3 0  9627
2 37605   0.0024 333.1180 0009258 281.5688  88.0419  1.00273085 13022
LUCH 5A (SDCM/PRN 140)  
1 37951U 11074B   14342.33912383 -.00000048  00000-0  00000+0 0  8467
2 37951   2.5933 243.7006 0003506 358.9162 123.4418  1.00270618 10985
SES-5 (EGNOS/PRN 136)   
1 38652U 12036A   14342.30440041  .00000029  00000-0  00000+0 0  6049
2 38652   0.0669 272.7859 0002307 344.6891 294.0743  1.00272781  8863
GSAT-10 (GAGAN/PRN 128) 
1 38779U 12051B   14341.93469213 -.00000170  00000-0  00000+0 0  6022
2 38779   0.0126 272.9317 0003167 321.2609 261.9509  1.00270935  8081
LUCH 5B (SDCM/PRN 125)  
1 38977U 12061A   14342.36928832 -.00000131  00000-0  00000+0 0  6407
2 38977   1.6789  83.6145 0005046 139.5954 330.8866  1.00270139  7975
