LAGEOS 1                
1 08820U 76039A   14340.25040141  .00000017  00000-0  00000+0 0  7188
2 08820 109.8104 176.8808 0044142 124.6448  34.9127  6.38664634644630
ERBS                    
1 15354U 84108B   14341.81847716  .00016718  00000-0  54823-3 0  6517
2 15354  57.0123 122.0084 0017909 146.0241 214.1959 15.31665935656191
HST                     
1 20580U 90037B   14341.45579023  .00004263  00000-0  27101-3 0  1724
2 20580  28.4718 337.5016 0002925 343.0654 151.9427 15.06351895150867
GEOTAIL                 
1 22049U 92044A   14338.72306638 -.00001150  00000-0  00000+0 0  2798
2 22049  11.3522 299.5401 5530613 216.2772 358.9473  0.19113369  7642
GOES 8 [-]              
1 23051U 94022A   14342.17818486 -.00000020  00000-0  00000+0 0  2350
2 23051  10.0515  48.3671 0008002 199.3400 103.5334  0.98905225 82492
RADARSAT-1              
1 23710U 95059A   14342.25401959  .00000497  00000-0  20832-3 0  5815
2 23710  98.5817 347.2611 0001051  73.4406 286.6892 14.30356855996665
TRMM                    
1 25063U 97074A   14341.67581270  .00052096  00000-0  50615-3 0  8173
2 25063  34.9545  67.5845 0002508 128.4741 358.3597 15.65168987971783
LANDSAT 7               
1 25682U 99020A   14342.16580402  .00000765  00000-0  17983-3 0  8676
2 25682  98.2229  49.5317 0000622 106.6518 253.4754 14.57113644832327
QUIKSCAT                
1 25789U 99034A   14342.18020977  .00000073  00000-0  47815-4 0   578
2 25789  98.6103 169.0228 0001286 141.4557 343.1188 14.27142211805671
CXO                     
1 25867U 99040B   14342.44082230 -.00000230  00000-0  00000+0 0  1130
2 25867  77.0231 313.8698 7848929 271.8796   0.1292  0.37797329 12560
XMM-NEWTON              
1 25989U 99066A   14340.25429930 -.00000200  00000-0  00000+0 0  7719
2 25989  65.6901  49.8924 7840926  93.1676 359.6391  0.50318730 16253
TERRA                   
1 25994U 99068A   14342.52251254  .00000746  00000-0  17548-3 0  8973
2 25994  98.2104  54.7566 0000751  93.8087 266.3201 14.57122494796456
ACRIMSAT                
1 26033U 99070B   14342.19879005  .00000427  00000-0  94381-4 0  3303
2 26033  97.8200 151.0560 0028221  17.4710  98.6551 14.61625332797555
CLUSTER II-FM5 (RUMBA)  
1 26463U 00045A   14342.87735885  .00000540  00000-0  00000+0 0  2143
2 26463 135.9828 320.2736 6300544 134.1608 359.9959  0.44223616 14009
EO-1                    
1 26619U 00075A   14342.50027022  .00001614  00000-0  31830-3 0  2193
2 26619  97.9591  33.5075 0010732 139.7952 220.4065 14.63730663748667
TIMED                   
1 26998U 01055B   14341.98241348  .00001113  00000-0  12893-3 0    35
2 26998  74.0729 349.2132 0002870 280.3459  79.7397 14.86818262704354
RHESSI                  
1 27370U 02004A   14341.92333104  .00014387  00000-0  70201-3 0  5478
2 27370  38.0360 236.4392 0010971 162.2643 197.8508 15.17712247705469
GRACE-1                 
1 27391U 02012A   14341.97256382  .00020337  00000-0  31576-3 0   375
2 27391  89.0052  93.0356 0010242 169.8335 315.3025 15.53793279713054
AQUA                    
1 27424U 02022A   14342.00511755  .00000845  00000-0  19773-3 0  2094
2 27424  98.2202 280.6136 0001621  90.7517 334.7621 14.57094142669980
INTEGRAL                
1 27540U 02048A   14342.85388004  .00000745  00000-0  00000+0 0  5476
2 27540  53.4229 234.4541 8601096 257.0472   0.3742  0.33303486 10989
MIDORI II (ADEOS-II)    
1 27597U 02056A   14341.98855208  .00000309  00000-0  14372-3 0  4695
2 27597  98.2784 340.5719 0001852 129.0750 284.0379 14.26942730623887
SORCE                   
1 27651U 03004A   14341.71904133  .00003608  00000-0  41116-3 0  5910
2 27651  39.9961  57.7887 0024857 241.7901 118.0377 14.86754175643336
AURA                    
1 28376U 04026A   14341.72358156  .00001356  00000-0  31097-3 0  4249
2 28376  98.2187 282.4975 0001044  33.8208 326.3030 14.57121836552998
SWIFT                   
1 28485U 04047A   14341.66116016  .00006090  00000-0  44043-3 0  8264
2 28485  20.5581  92.7017 0012511 124.9802 235.1807 15.00161565549264
SARSAT 10 (NOAA 18)     
1 28654U 05018A   14342.28107825  .00000058  00000-0  56841-4 0  3609
2 28654  99.1684 325.4504 0015078 133.8857 350.0478 14.12113507492134
SUZAKU (ASTRO-EII)      
1 28773U 05025A   14341.89330911  .00006788  00000-0  39610-3 0  4273
2 28773  31.3823 141.0095 0005294 114.3363  12.7398 15.10598004517466
CLOUDSAT                
1 29107U 06016A   14342.47551689 -.00005865  00000-0 -12944-2 0  8639
2 29107  98.2201 283.7661 0001348  78.9486 281.2240 14.57059193458217
CALIPSO                 
1 29108U 06016B   14342.47424066 -.00018156  00000-0 -40423-2 0  8841
2 29108  98.2199 283.3133 0001946 103.9701 256.3005 14.56982997458147
GOES 13 [+]             
1 29155U 06018A   14341.32186578 -.00000256  00000-0  00000+0 0  4505
2 29155   0.1842  96.8838 0001196  37.7026 342.5361  1.00276756 31308
HINODE (SOLAR-B)        
1 29479U 06041A   14342.21101461  .00000613  00000-0  12557-3 0  5698
2 29479  98.1403 339.0341 0016340 234.8077 125.1595 14.64112071438444
THEMIS A                
1 30580U 07004A   14341.82906868 -.00000358  00000-0  00000+0 0  9566
2 30580  13.3966 345.3272 8302060 225.5507   0.7251  1.00270820 28372
AIM                     
1 31304U 07015A   14340.96408955  .00010413  00000-0  73836-3 0  5111
2 31304  97.8982 109.2611 0006297  40.1403 320.0287 15.04955221415626
C/NOFS                  
1 32765U 08017A   14340.48693443  .00053943  00000-0  11231-2 0  6421
2 32765  13.0002  82.4474 0146459  72.7633  10.2614 15.32843333363143
FGRST (GLAST)           
1 33053U 08029A   14341.87102200  .00002517  00000-0  13660-3 0  7112
2 33053  25.5821 154.9148 0013314  63.8752 296.3152 15.09116335357720
JASON 2 (OSTM)          
1 33105U 08032A   14341.96091113 -.00000044  00000-0  72225-4 0  1115
2 33105  66.0412 237.2675 0007552 272.2773 218.0449 12.80932103302477
IBEX                    
1 33401U 08051A   14344.36344630 -.00001488  00000-0  00000+0 0  1207
2 33401   7.3610 146.5550 5282329 352.0493 358.1014  0.10678371  2628
SDO                     
1 36395U 10005A   14342.02865780 -.00000033  00000-0  00000+0 0   887
2 36395  28.0153 157.2560 0001934 178.1200   9.7833  1.00272497 17830
SAC-D                   
1 37673U 11024A   14342.10371609  .00000566  00000-0  97185-4 0  1156
2 37673  98.0124 346.8283 0001647 105.2138 296.9775 14.72352111187822
NPP [+]                 
1 37849U 11061A   14341.94203881  .00000121  00000-0  77799-4 0  9614
2 37849  98.6795 279.8413 0000571 114.0098 311.0594 14.19568965161248
NUSTAR                  
1 38358U 12031A   14341.14096789  .00004414  00000-0  41986-3 0  6037
2 38358   6.0249 161.0480 0012645 331.2601  28.6831 14.85474923134816
RBSP A                  
1 38752U 12046A   14339.51057152 -.00000022  00000-0  96614-3 0  3835
2 38752   9.9700 260.9776 6830613  21.6133 356.8724  2.67365580 22115
LANDSAT 8               
1 39084U 13008A   14342.27001325  .00000765  00000-0  17980-3 0  6713
2 39084  98.2047  50.0637 0000628  87.7838 272.3428 14.57126881 96808
IRIS                    
1 39197U 13033A   14342.18209513  .00001638  00000-0  23697-3 0  4760
2 39197  97.9013 163.8442 0027162 276.9777  82.8344 14.77258845 77915
GPM-CORE                
1 39574U 14009C   14341.72209114  .00015735  00000-0  22452-3 0  3297
2 39574  65.0220 177.3403 0012022 273.9657  86.0117 15.56387836 44021
OCO 2                   
1 40059U 14035A   14341.98735378  .00001129  00000-0  26045-3 0  1629
2 40059  98.2196 280.7007 0000832  77.5612 282.5678 14.57141014 23102
