ISS (ZARYA)             
1 25544U 98067A   14342.56591559  .00015726  00000-0  26421-3 0  5275
2 25544  51.6477 314.9326 0007691 108.9823 358.0210 15.51922857918387
TIANGONG 1              
1 37820U 11053A   14342.43640149  .00042499  00000-0  44266-3 0  6434
2 37820  42.7709 340.8886 0017348 265.8055 247.8468 15.63632768183415
CHASQUI-1               
1 40117U 98067ET  14342.37430006  .00243029  00000-0  15801-2 0  3418
2 40117  51.6417 309.0185 0010349  81.4596  79.2830 15.74614462 17417
FLOCK 1B-24             
1 40122U 98067EU  14342.14192455  .00126705  00000-0  12323-2 0  3161
2 40122  51.6369 312.1098 0004239  52.8545  34.5443 15.65363679 52935
FLOCK 1B-23             
1 40123U 98067EV  14342.47112508  .00129017  00000-0  12583-2 0  3245
2 40123  51.6401 310.5778 0007269  88.4531 357.7872 15.65263599 52987
FLOCK 1B-26             
1 40124U 98067EW  14342.35127011  .01151050  63307-3  28723-2 0  3246
2 40124  51.6327 306.9061 0008297  93.5280 266.6586 15.95214854 71051
FLOCK 1B-25             
1 40125U 98067EX  14342.42000759  .00109032  00000-0  89510-3 0  3224
2 40125  51.6400 310.1250 0005882  90.9518  47.2989 15.69598111 53011
FLOCK 1B-15             
1 40126U 98067EY  14342.43254752  .00234411  00000-0  17971-2 0  3300
2 40126  51.6356 309.5650 0008994  81.0794 358.0646 15.70785907 53041
FLOCK 1B-16             
1 40127U 98067EZ  14342.36756617  .01282784  86025-3  26154-2 0  3067
2 40127  51.6397 307.0164 0012377 114.9849 245.2454 15.98842622 53072
FLOCK 1B-1              
1 40131U 98067FA  14342.45945843  .00373971  00000-0  25442-2 0  2515
2 40131  51.6398 309.7351 0009779 101.4790 344.3306 15.73189931 16945
FLOCK 1B-2              
1 40132U 98067FB  14342.48507068  .00264716  00000-0  23261-2 0  2425
2 40132  51.6396 309.9040 0006934  82.8282   7.5270 15.67396070 16911
FLOCK 1B-8              
1 40133U 98067FC  14342.43075755  .00099734  00000-0  89797-3 0  2573
2 40133  51.6391 310.1900 0010161  78.2956  63.7622 15.67340714 53202
FLOCK 1B-7              
1 40134U 98067FD  14342.37925006  .00102352  00000-0  91091-3 0  2357
2 40134  51.6403 310.6369 0009107  81.8686  44.1605 15.67627896 53190
FLOCK 1B-18             
1 40139U 98067FE  14342.46161176  .00244904  00000-0  20084-2 0  2614
2 40139  51.6384 310.5132 0010173  79.3059   5.3088 15.69116905 14671
FLOCK 1B-17             
1 40140U 98067FF  14342.41215263  .00163537  00000-0  16320-2 0  2708
2 40140  51.6381 311.5747 0009442  70.5883  65.3658 15.64536814 14655
SOYUZ-TMA 15M           
1 40312U 14074A   14334.58703720  .00018277  00000-0  30871-3 0    69
2 40312  51.6481 354.5641 0007404  83.5665  60.4119 15.51651628  1049
SPINSAT                 
1 40314U 98067FL  14342.22396541  .00021439  00000-0  35474-3 0   163
2 40314  51.6482 316.6203 0007962 105.0954 255.0916 15.52109451 52939
