METEOSAT-7              
1 24932U 97049B   14342.61181843  .00000049  00000-0  00000+0 0  5139
2 24932   9.3787  46.2857 0002724 195.8066 113.1685  1.00266808 63238
NOAA 15                 
1 25338U 98030A   14342.20420498  .00000188  00000-0  98272-4 0  4471
2 25338  98.7641 335.8293 0010575   9.1090 120.1557 14.25523398861635
METEOSAT-8 (MSG-1)      
1 27509U 02040B   14342.11014473  .00000016  00000-0  00000+0 0  2498
2 27509   3.1833  61.7070 0002716 181.0092 237.3415  1.00275203 45049
KALPANA-1 (METSAT 1)    
1 27525U 02043A   14340.84794116 -.00000087  00000-0  00000+0 0  1427
2 27525   4.7201  62.0057 0014091 203.9627 188.7158  1.00270888 44832
INSAT-3A                
1 27714U 03013A   14340.91946240 -.00000264  00000-0  00000+0 0  6523
2 27714   0.0063  27.5813 0002227 158.2097 314.3779  1.00270835 42739
FENGYUN 2C              
1 28451U 04042A   14341.79632542 -.00000368  00000-0  10000-3 0  1838
2 28451   5.7813  57.4170 0000447 244.1318 184.8693  1.00278087 37101
HIMAWARI-6 (MTSAT-1R)   
1 28622U 05006A   14341.82570361 -.00000286  00000-0  00000+0 0  3266
2 28622   0.0646 130.4193 0003074 170.4689 212.7922  1.00271398 35800
NOAA 18                 
1 28654U 05018A   14342.28107825  .00000058  00000-0  56841-4 0  3609
2 28654  99.1684 325.4504 0015078 133.8857 350.0478 14.12113507492134
METEOSAT-9 (MSG-2)      
1 28912U 05049B   14342.30185553  .00000059  00000-0  00000+0 0  3788
2 28912   0.5105  38.4976 0001935 198.5773 317.9850  1.00277392 32896
MTSAT-2                 
1 28937U 06004A   14340.34383795 -.00000249  00000-0  00000+0 0  7637
2 28937   0.0409  76.4080 0003177 172.3771  95.0733  1.00271948 32199
FORMOSAT-3 FM6          
1 29047U 06011A   14342.24796460  .00000443  00000-0  19170-3 0  5417
2 29047  71.9810 267.8953 0053113 300.4921  59.0976 14.28162147453129
FORMOSAT-3 FM1          
1 29048U 06011B   14341.78673443  .00000422  00000-0  18439-3 0  6180
2 29048  71.9675 181.9954 0046159 257.0024 163.5087 14.28137782455548
FORMOSAT-3 FM5          
1 29049U 06011C   14342.35515134  .00000400  00000-0  17588-3 0  5478
2 29049  72.0212 341.0751 0037715 298.7857 158.7100 14.28148310451408
FORMOSAT-3 FM3          
1 29050U 06011D   14341.96861539  .00002028  00000-0  45091-3 0  9145
2 29050  72.0179 332.3950 0050268  28.0880 332.2967 14.57282910462144
FORMOSAT-3 FM4          
1 29051U 06011E   14341.24582773  .00000374  00000-0  16271-3 0  6111
2 29051  72.0069 248.9809 0068554 177.4724 182.6773 14.28152209453823
FORMOSAT-3 FM2          
1 29052U 06011F   14342.24059245  .00000501  00000-0  21523-3 0  6350
2 29052  72.0360 315.2266 0043014 265.9176 192.0418 14.28240707452282
GOES 13                 
1 29155U 06018A   14341.32186578 -.00000256  00000-0  00000+0 0  4505
2 29155   0.1842  96.8838 0001196  37.7026 342.5361  1.00276756 31308
METOP-A                 
1 29499U 06044A   14342.00834499  .00000133  00000-0  80911-4 0  5310
2 29499  98.7031  39.3510 0001226  63.1243  61.9133 14.21493626422126
FENGYUN 2D              
1 29640U 06053A   14341.90966088 -.00000210  00000-0  10000-3 0  1747
2 29640   2.7073  69.1653 0001209 150.6367 271.2877  1.00272751 29350
FENGYUN 3A              
1 32958U 08026A   14342.30541675  .00000194  00000-0  11186-3 0  6078
2 32958  98.5333  35.0717 0010586  74.3579 285.8765 14.19501890338540
FENGYUN 2E              
1 33463U 08066A   14342.58607587 -.00000337  00000-0  10000-3 0  7063
2 33463   2.2553  57.9348 0000953 244.8142  89.8569  1.00279329 21894
NOAA 19                 
1 33591U 09005A   14342.28408752  .00000335  00000-0  20827-3 0  4904
2 33591  98.9669 286.9677 0013821 352.8344 168.5232 14.11824211300554
GOES 14                 
1 35491U 09033A   14342.59597017 -.00000085  00000-0  00000+0 0  7513
2 35491   0.1649 263.5947 0012739 308.7576 333.2325  1.00266258 19964
METEOR-M 1              
1 35865U 09049A   14342.52357862  .00000221  00000-0  11913-3 0  1468
2 35865  98.5284  24.4478 0001990 328.9097  31.1965 14.21963029271115
GOES 15                 
1 36411U 10008A   14342.62523824  .00000086  00000-0  00000+0 0  3964
2 36411   0.2073 260.8042 0002576 344.0296 282.1956  1.00268163 17489
COMS 1                  
1 36744U 10032A   14341.78979855 -.00000349  00000-0  10000-3 0   207
2 36744   0.0378  38.5180 0000996 217.4626 233.0625  1.00272773 16446
FENGYUN 3B              
1 37214U 10059A   14342.46589815  .00000242  00000-0  13633-3 0  4859
2 37214  98.8693 290.9406 0001013   4.8194 355.2990 14.19527190212066
ELEKTRO-L 1 (GOMS 2)    
1 37344U 11001A   14341.79921030 -.00000101  00000-0  00000+0 0  1611
2 37344   0.5841  80.8326 0001183 202.0580 157.3091  1.00264929 14260
SUOMI NPP               
1 37849U 11061A   14341.94203881  .00000121  00000-0  77799-4 0  9614
2 37849  98.6795 279.8413 0000571 114.0098 311.0594 14.19568965161248
FENGYUN 2F              
1 38049U 12002A   14341.89646274 -.00000361  00000-0  10000-3 0  8510
2 38049   0.2297 314.8174 0002139 228.2041 327.9629  1.00283092 10686
METEOSAT-10 (MSG-3)     
1 38552U 12035B   14340.03113597 -.00000012  00000-0  00000+0 0  1754
2 38552   0.5104 155.2398 0000329 350.3575 300.0515  1.00267038  8997
METOP-B                 
1 38771U 12049A   14342.09112489  .00000301  00000-0  15752-3 0  6714
2 38771  98.7286  39.5490 0001989  59.6890 300.4488 14.21486303115277
FENGYUN 3C              
1 39260U 13052A   14342.49587394  .00000171  00000-0  10183-3 0  3588
2 39260  98.7548  52.1118 0001450 102.8190 257.3148 14.19508687 62616
METEOR-M 2              
1 40069U 14037A   14342.42795051  .00000043  00000-0  40730-4 0  4665
2 40069  98.7875  33.5534 0005662   1.9085 358.2113 14.20586184 21689
HIMAWARI 8              
1 40267U 14060A   14340.64959241 -.00000281  00000-0  00000+0 0   590
2 40267   0.0105 342.3886 0000762 263.9749 203.5568  1.00273368   645
