APRIZESAT 2             
1 28366U 04025A   14342.34167355  .00000259  00000-0  97502-4 0  9223
2 28366  98.3182 269.8017 0106878 288.5453  70.4146 14.36336758547246
SAUDICOMSAT 1           
1 28369U 04025D   14341.95382600  .00000506  00000-0  13565-3 0    68
2 28369  98.0661 307.0683 0033445 351.8847   8.1803 14.51852748552942
SAUDICOMSAT 2           
1 28370U 04025E   14342.35534043  .00000396  00000-0  11867-3 0    21
2 28370  98.1837 295.3381 0059527  83.8100 276.9870 14.46846917551142
APRIZESAT 1             
1 28372U 04025G   14342.12420375  .00000430  00000-0  12277-3 0  9855
2 28372  98.1303 300.2871 0047301  38.9766  21.2426 14.49121139552018
NANOSAT-1               
1 28493U 04049B   14342.01338865  .00000737  00000-0  12427-3 0   392
2 28493  98.3284  19.2237 0005474  64.2675 357.2179 14.72535279535187
SAUDICOMSAT 7           
1 31119U 07012C   14341.73027485  .00000623  00000-0  13291-3 0  3224
2 31119  97.8371 331.3739 0062289  89.6788 271.1551 14.60934790407235
SAUDICOMSAT 6           
1 31121U 07012E   14342.18896071  .00000480  00000-0  11017-3 0  3205
2 31121  97.8903 321.6575 0078750 132.2794 289.9985 14.57769811406447
SAUDICOMSAT 5           
1 31124U 07012H   14341.96249750  .00000662  00000-0  13644-3 0  3221
2 31124  97.8120 337.7585 0053585  67.4697 293.2165 14.62585571407703
SAUDICOMSAT 3           
1 31125U 07012J   14341.78841105  .00000768  00000-0  15225-3 0  3385
2 31125  97.7904 343.8525 0044823  47.5594 312.9386 14.64234318408139
SAUDICOMSAT 4           
1 31127U 07012L   14341.95538451  .00000549  00000-0  12117-3 0  3286
2 31127  97.8621 326.7514 0070332 109.7696 251.1107 14.59456455406869
APRIZESAT 4             
1 35684U 09041D   14342.03676193  .00000791  00000-0  11465-3 0  6577
2 35684  98.0650 263.2984 0048140 187.0453 238.1022 14.78172695288854
APRIZESAT 3             
1 35686U 09041F   14341.94582610  .00001080  00000-0  12488-3 0  6969
2 35686  98.1718 292.6278 0076375 130.9766 270.3818 14.85740885290178
AISSAT 1                
1 36797U 10035C   14342.34077402  .00001923  00000-0  23625-3 0  8009
2 36797  98.0148  73.8562 0012866 121.6554 238.5917 14.84190975238479
